0.000000000000000000e+00,8.500000192286865968e+02,4.500650314182386182e+02,8.500000000000000000e+02,4.500000000000000000e+02,6.503142108141631017e-02
2.242240905761718750e-01,8.504275741909999624e+02,4.500650314182386182e+02,8.500000000000000000e+02,4.640000000000000000e+02,1.394152678380262955e+01
2.252397537231445312e-01,8.504475465186785641e+02,4.500650314182386182e+02,8.500000000000000000e+02,4.640000000000000000e+02,1.394215360914726531e+01
2.342298030853271484e-01,8.504675221776958551e+02,4.500650314182386182e+02,8.500000000000000000e+02,4.650000000000000000e+02,1.494228441453438094e+01
2.442371845245361328e-01,8.504875301982897327e+02,4.500650506382391995e+02,8.500000000000000000e+02,4.650000000000000000e+02,1.494290460829499345e+01
2.542607784271240234e-01,8.505094699194589793e+02,4.500650717138599362e+02,8.500000000000000000e+02,4.660000000000000000e+02,1.594307056633885189e+01
2.652521133422851562e-01,8.505294774641472486e+02,4.501650517786712840e+02,8.500000000000000000e+02,4.670000000000000000e+02,1.684327248487830886e+01
2.752754688262939453e-01,8.505494545508811370e+02,4.502648796414858339e+02,8.500000000000000000e+02,4.670000000000000000e+02,1.674413789113788198e+01
2.852835655212402344e-01,8.505694297339929335e+02,4.503646979916755413e+02,8.500000000000000000e+02,4.680000000000000000e+02,1.764449282770031857e+01
2.952907085418701172e-01,8.505894049171047300e+02,4.504445603472098583e+02,8.500000000000000000e+02,4.690000000000000000e+02,1.856479837931572874e+01
3.052978515625000000e-01,8.506093781965943208e+02,4.505244150919128856e+02,8.500000000000000000e+02,4.690000000000000000e+02,1.848563170363460628e+01
3.153040409088134766e-01,8.506293557592338175e+02,4.506042869609863715e+02,8.500000000000000000e+02,4.700000000000000000e+02,1.940592108000658911e+01
3.253123760223388672e-01,8.506493285628179137e+02,4.506841398029815764e+02,8.490000000000000000e+02,4.700000000000000000e+02,1.938614814394255959e+01
3.353183269500732422e-01,8.506693066013629050e+02,4.507640135747628847e+02,8.490000000000000000e+02,4.710000000000000000e+02,2.030472189249915971e+01
3.453269004821777344e-01,8.506743144305253281e+02,4.508738020746391157e+02,8.490000000000000000e+02,4.720000000000000000e+02,2.119244128442468877e+01
3.553333282470703125e-01,8.506743336198960606e+02,4.508987674459499999e+02,8.490000000000000000e+02,4.720000000000000000e+02,2.116755555964867952e+01
3.653409481048583984e-01,8.506743528083524097e+02,4.509237316277256582e+02,8.490000000000000000e+02,4.730000000000000000e+02,2.213967214236737391e+01
3.753480911254882812e-01,8.506743719963516241e+02,4.509188194999208577e+02,8.490000000000000000e+02,4.740000000000000000e+02,2.314183257348907929e+01
3.853549957275390625e-01,8.506743911820650510e+02,4.509139079572832998e+02,8.490000000000000000e+02,4.740000000000000000e+02,2.314673263411846094e+01
3.953607082366943359e-01,8.506744103737215710e+02,4.509338864717338424e+02,8.490000000000000000e+02,4.750000000000000000e+02,2.412429212339756646e+01
4.053695201873779297e-01,8.506744295630923034e+02,4.509538626066566849e+02,8.490000000000000000e+02,4.750000000000000000e+02,2.410436553617002176e+01
4.153771400451660156e-01,8.506744487474342122e+02,4.509738335066186323e+02,8.490000000000000000e+02,4.760000000000000000e+02,2.508212088245785054e+01
4.253821372985839844e-01,8.506597109596184509e+02,4.511485185098567854e+02,8.490000000000000000e+02,4.770000000000000000e+02,2.590470489514780894e+01
4.353899955749511719e-01,8.506449724696020667e+02,4.513481598010560560e+02,8.490000000000000000e+02,4.770000000000000000e+02,2.570452956227569885e+01
4.453983306884765625e-01,8.506287646246682925e+02,4.515677043464281724e+02,8.490000000000000000e+02,4.780000000000000000e+02,2.648243054782553330e+01
4.564044475555419922e-01,8.506140257835514831e+02,4.517673503934826726e+02,8.490000000000000000e+02,4.790000000000000000e+02,2.728043774981107816e+01
4.664130210876464844e-01,8.505924148555060356e+02,4.520527454910985057e+02,8.490000000000000000e+02,4.790000000000000000e+02,2.699426440263835403e+01
4.774193763732910156e-01,8.505727649398854737e+02,4.523122433513884744e+02,8.490000000000000000e+02,4.800000000000000000e+02,2.773239004826061915e+01
4.874269962310791016e-01,8.505565507751456380e+02,4.525593193539280605e+02,8.490000000000000000e+02,4.810000000000000000e+02,2.848324359913135950e+01
4.984374046325683594e-01,8.505418136895304997e+02,4.527838872093360578e+02,8.490000000000000000e+02,4.810000000000000000e+02,2.825820607308066457e+01
5.084447860717773438e-01,8.505270776572164095e+02,4.530084390142469033e+02,8.490000000000000000e+02,4.820000000000000000e+02,2.903175114528592715e+01
5.184514522552490234e-01,8.505123440826047272e+02,4.532329533679978226e+02,8.490000000000000000e+02,4.830000000000000000e+02,2.980543993662871216e+01
5.284564495086669922e-01,8.504976091035916852e+02,4.534574891224115731e+02,8.490000000000000000e+02,4.830000000000000000e+02,2.958044593949846401e+01
5.384624004364013672e-01,8.504828695602742528e+02,4.536970642776612976e+02,8.490000000000000000e+02,4.840000000000000000e+02,3.033919602634484392e+01
5.484714508056640625e-01,8.504666855901634790e+02,4.539436801659500134e+02,8.490000000000000000e+02,4.840000000000000000e+02,3.009208415160205874e+01
5.594613552093505859e-01,8.504519485045483407e+02,4.541682480213580106e+02,8.480000000000000000e+02,4.850000000000000000e+02,3.092909603498704030e+01
5.694687366485595703e-01,8.504470285355026817e+02,4.543831699504129347e+02,8.480000000000000000e+02,4.860000000000000000e+02,3.171138424979326231e+01
5.794916152954101562e-01,8.504421159395641325e+02,4.545977697956520842e+02,8.480000000000000000e+02,4.860000000000000000e+02,3.149704735477809336e+01
5.894994735717773438e-01,8.504372039287927691e+02,4.548123440786836227e+02,8.480000000000000000e+02,4.870000000000000000e+02,3.227979486768117567e+01
5.995061397552490234e-01,8.504427046658006475e+02,4.551412080643942772e+02,8.480000000000000000e+02,4.880000000000000000e+02,3.294946150624850389e+01
6.104974746704101562e-01,8.504477128529208585e+02,4.554406247380506443e+02,8.480000000000000000e+02,4.880000000000000000e+02,3.265125136436265052e+01
6.205046176910400391e-01,8.504527211593604079e+02,4.557400485452612884e+02,8.480000000000000000e+02,4.890000000000000000e+02,3.335026554402752907e+01
6.305119991302490234e-01,8.504577375795092848e+02,4.560399574341627726e+02,8.480000000000000000e+02,4.900000000000000000e+02,3.404886143593069647e+01
6.405355930328369141e-01,8.504627463632258468e+02,4.563394097755905250e+02,8.480000000000000000e+02,4.900000000000000000e+02,3.375056227539317177e+01
6.505439281463623047e-01,8.504677537151112574e+02,4.566387765143669526e+02,8.480000000000000000e+02,4.910000000000000000e+02,3.444972406026013090e+01
6.605494022369384766e-01,8.504727619022314684e+02,4.569381931880233196e+02,8.480000000000000000e+02,4.910000000000000000e+02,3.415144557294095762e+01
6.705565452575683594e-01,8.504782707529486743e+02,4.572675422554247575e+02,8.480000000000000000e+02,4.920000000000000000e+02,3.482076172204774878e+01
6.815640926361083984e-01,8.504832794173458979e+02,4.575669874632982328e+02,8.480000000000000000e+02,4.930000000000000000e+02,3.551992474781834375e+01
6.915721893310546875e-01,8.504882873658276594e+02,4.578663898698460457e+02,8.480000000000000000e+02,4.930000000000000000e+02,3.522161459661657545e+01
7.015788555145263672e-01,8.504932961495442214e+02,4.581658422112737981e+02,8.480000000000000000e+02,4.940000000000000000e+02,3.592079328351002232e+01
7.115871906280517578e-01,8.504983040980259830e+02,4.584652446178216110e+02,8.480000000000000000e+02,4.950000000000000000e+02,3.662007474325832135e+01
7.215938568115234375e-01,8.505033137169773454e+02,4.587647468941293027e+02,8.470000000000000000e+02,4.950000000000000000e+02,3.640421369355577497e+01
7.316038608551025391e-01,8.505083198756702814e+02,4.590640422973629597e+02,8.470000000000000000e+02,4.960000000000000000e+02,3.710220047060572313e+01
7.416069507598876953e-01,8.505133283014290555e+02,4.593634732381278809e+02,8.470000000000000000e+02,4.960000000000000000e+02,3.680459983381145861e+01
7.516145706176757812e-01,8.505183361305914786e+02,4.596628685111214168e+02,8.470000000000000000e+02,4.970000000000000000e+02,3.750253427364121706e+01
7.616209983825683594e-01,8.505233446756694775e+02,4.599223725536116945e+02,8.470000000000000000e+02,4.980000000000000000e+02,3.824028856650420494e+01
7.716288566589355469e-01,8.505288452933580174e+02,4.602018924478791746e+02,8.470000000000000000e+02,4.980000000000000000e+02,3.796247731149994564e+01
7.826199531555175781e-01,8.505338618328261191e+02,4.604568133787834654e+02,8.470000000000000000e+02,4.990000000000000000e+02,3.870485001096672306e+01
7.926437854766845703e-01,8.505388697813078807e+02,4.607112977493322887e+02,8.470000000000000000e+02,5.000000000000000000e+02,3.944775942776314537e+01
8.026504516601562500e-01,8.505438779684280917e+02,4.609657942465576639e+02,8.470000000000000000e+02,5.000000000000000000e+02,3.919474824331929597e+01
8.126575946807861328e-01,8.505488866328253152e+02,4.612203149971360858e+02,8.470000000000000000e+02,5.010000000000000000e+02,3.993767563666822440e+01
8.226656913757324219e-01,8.505538951779033141e+02,4.614898169399545509e+02,8.470000000000000000e+02,5.020000000000000000e+02,4.066577310827764791e+01
8.326735496520996094e-01,8.505589034843428635e+02,4.617593060420095412e+02,8.470000000000000000e+02,5.020000000000000000e+02,4.039776286171695574e+01
8.426809310913085938e-01,8.505639107169090494e+02,4.620237493128620372e+02,8.470000000000000000e+02,5.030000000000000000e+02,4.113094431171345633e+01
8.526861667633056641e-01,8.505689197392640608e+02,4.622882871065088466e+02,8.460000000000000000e+02,5.030000000000000000e+02,4.096728687997156726e+01
8.626949787139892578e-01,8.505744198796755882e+02,4.625787619549114993e+02,8.460000000000000000e+02,5.040000000000000000e+02,4.167306418327620321e+01
8.736851215362548828e-01,8.505794362998244651e+02,4.628436904427747436e+02,8.460000000000000000e+02,5.050000000000000000e+02,4.240431195419578358e+01
8.837087154388427734e-01,8.505844446062640145e+02,4.631081904273038390e+02,8.460000000000000000e+02,5.050000000000000000e+02,4.214191312248343024e+01
8.937160968780517578e-01,8.505894524354264377e+02,4.633726652057544584e+02,8.460000000000000000e+02,5.060000000000000000e+02,4.287368359865686074e+01
9.037225246429443359e-01,8.505944590713963862e+02,4.636370769690088309e+02,8.460000000000000000e+02,5.070000000000000000e+02,4.360564353326758180e+01
9.137265682220458984e-01,8.505994690483054228e+02,4.639016651748125923e+02,8.460000000000000000e+02,5.070000000000000000e+02,4.334306842195510256e+01
9.237372875213623047e-01,8.506044774740641969e+02,4.641661714608612783e+02,8.460000000000000000e+02,5.080000000000000000e+02,4.407500127291860537e+01
9.337449073791503906e-01,8.506094850645881706e+02,4.644306336362726597e+02,8.460000000000000000e+02,5.080000000000000000e+02,4.381252147385900741e+01
9.437508583068847656e-01,8.506144939676239574e+02,4.646951651283998217e+02,8.460000000000000000e+02,5.090000000000000000e+02,4.454449402088879140e+01
9.537594318389892578e-01,8.506200030569797264e+02,4.650245284629098137e+02,8.460000000000000000e+02,5.100000000000000000e+02,4.521213850538494228e+01
9.647674560546875000e-01,8.506250102895459122e+02,4.653238880681319642e+02,8.450000000000000000e+02,5.100000000000000000e+02,4.502883207575229818e+01
9.747726917266845703e-01,8.506300191925816989e+02,4.656233475431139937e+02,8.450000000000000000e+02,5.110000000000000000e+02,4.572458533766989319e+01
9.847812652587890625e-01,8.506350267831056726e+02,4.659227285489989754e+02,8.450000000000000000e+02,5.120000000000000000e+02,4.642056086709371243e+01
9.947872161865234375e-01,8.506400349702258836e+02,4.662221452226553424e+02,8.450000000000000000e+02,5.120000000000000000e+02,4.612398489377330435e+01
1.004794359207153320e+00,8.506450438732616703e+02,4.665216046976373718e+02,8.450000000000000000e+02,5.130000000000000000e+02,4.681995034399047029e+01
1.014802932739257812e+00,8.506500512251470809e+02,4.668209714364137994e+02,8.450000000000000000e+02,5.130000000000000000e+02,4.652338936409616821e+01
1.024808406829833984e+00,8.506550598895443045e+02,4.671204166442872747e+02,8.450000000000000000e+02,5.140000000000000000e+02,4.721943496018933217e+01
1.034816503524780273e+00,8.506600677187067276e+02,4.674198119172808106e+02,8.450000000000000000e+02,5.150000000000000000e+02,4.791566199654638325e+01
1.044822931289672852e+00,8.506650757865077139e+02,4.677192214573829006e+02,8.450000000000000000e+02,5.150000000000000000e+02,4.761895739369854397e+01
1.054829835891723633e+00,8.506705851145019324e+02,4.680485990590014467e+02,8.450000000000000000e+02,5.160000000000000000e+02,4.828552979667104950e+01
1.065838336944580078e+00,8.506755929436643555e+02,4.683230511216071932e+02,8.440000000000000000e+02,5.170000000000000000e+02,4.913256448893307748e+01
1.075844764709472656e+00,8.506755929436643555e+02,4.684977361248453462e+02,8.440000000000000000e+02,5.170000000000000000e+02,4.895950512581426750e+01
1.085852622985839844e+00,8.506755929436643555e+02,4.686724044819043797e+02,8.440000000000000000e+02,5.180000000000000000e+02,4.977725605883020421e+01
1.095859527587890625e+00,8.506608558580492172e+02,4.688221163855097302e+02,8.440000000000000000e+02,5.190000000000000000e+02,5.061805018756687957e+01
1.105866909027099609e+00,8.506461191235345041e+02,4.689718247223379421e+02,8.440000000000000000e+02,5.190000000000000000e+02,5.046770473299422832e+01
1.115874052047729492e+00,8.506264663991112229e+02,4.690167534604970001e+02,8.440000000000000000e+02,5.200000000000000000e+02,5.141207528048536801e+01
1.125883102416992188e+00,8.506068029076109269e+02,4.690617068136241983e+02,8.440000000000000000e+02,5.200000000000000000e+02,5.136496429864617141e+01
1.135897636413574219e+00,8.505852032147763566e+02,4.691110865801533123e+02,8.440000000000000000e+02,5.210000000000000000e+02,5.230510718153865213e+01
1.146898269653320312e+00,8.505655570442261251e+02,4.691859492339494295e+02,8.440000000000000000e+02,5.220000000000000000e+02,5.322058340172488045e+01
1.156903982162475586e+00,8.505459113418096422e+02,4.692608101038998143e+02,8.430000000000000000e+02,5.220000000000000000e+02,5.327628861768964441e+01
1.166909456253051758e+00,8.505262600217877207e+02,4.693356923799989886e+02,8.430000000000000000e+02,5.230000000000000000e+02,5.418950546230938414e+01
1.176917791366577148e+00,8.505066091698995479e+02,4.694105728722524304e+02,8.430000000000000000e+02,5.240000000000000000e+02,5.510312818130457657e+01
1.186925888061523438e+00,8.504869611268140943e+02,4.694854426614314775e+02,8.430000000000000000e+02,5.240000000000000000e+02,5.502628052789412294e+01
1.196932554244995117e+00,8.504673149562638628e+02,4.695603053152275947e+02,8.430000000000000000e+02,5.250000000000000000e+02,5.594033016882205800e+01
1.206938266754150391e+00,8.504525768173477900e+02,4.695952508242982049e+02,8.430000000000000000e+02,5.250000000000000000e+02,5.590373093489287726e+01
1.216946363449096680e+00,8.504378414872344365e+02,4.696301896734342449e+02,8.430000000000000000e+02,5.260000000000000000e+02,5.685839429883880314e+01
1.226952552795410156e+00,8.504216297801970086e+02,4.696686291506676412e+02,8.430000000000000000e+02,5.270000000000000000e+02,5.780974547650234285e+01
1.237961292266845703e+00,8.504068916412809358e+02,4.700529146087339427e+02,8.420000000000000000e+02,5.270000000000000000e+02,5.756428025805922744e+01
1.247969388961791992e+00,8.503921559600671571e+02,4.704371359841310323e+02,8.420000000000000000e+02,5.280000000000000000e+02,5.817139843056477133e+01
1.257975816726684570e+00,8.503705412869513793e+02,4.708927538739777106e+02,8.420000000000000000e+02,5.290000000000000000e+02,5.870705250467519676e+01
1.268984079360961914e+00,8.503558042013362410e+02,4.713119356907245106e+02,8.420000000000000000e+02,5.290000000000000000e+02,5.829006971690952810e+01
1.278991460800170898e+00,8.503410706267245587e+02,4.717310176404544109e+02,8.420000000000000000e+02,5.300000000000000000e+02,5.886295748955400597e+01
1.288996458053588867e+00,8.503263338922098455e+02,4.721651564664910552e+02,8.420000000000000000e+02,5.300000000000000000e+02,5.843113008174686485e+01
1.299003601074218750e+00,8.503115950510930361e+02,4.726143264877647425e+02,8.420000000000000000e+02,5.310000000000000000e+02,5.897431206695576122e+01
1.309012174606323242e+00,8.502968607742806171e+02,4.730633574106731203e+02,8.420000000000000000e+02,5.320000000000000000e+02,5.951777665882568158e+01
1.319017648696899414e+00,8.502821222842642328e+02,4.735125167320725836e+02,8.410000000000000000e+02,5.320000000000000000e+02,5.921945198257177623e+01
1.329025983810424805e+00,8.502673869541508793e+02,4.739615797546037470e+02,8.410000000000000000e+02,5.330000000000000000e+02,5.976135478743751150e+01
1.339032173156738281e+00,8.502526481130340699e+02,4.744207291995502374e+02,8.410000000000000000e+02,5.340000000000000000e+02,6.029345740805513287e+01
1.349040746688842773e+00,8.502379120807199797e+02,4.748897686655885195e+02,8.410000000000000000e+02,5.340000000000000000e+02,5.982773995412791379e+01
1.359047412872314453e+00,8.502217270573082715e+02,4.754049286881144099e+02,8.410000000000000000e+02,5.350000000000000000e+02,6.030433462520103660e+01
1.370038032531738281e+00,8.502317242430923443e+02,4.758789986919182411e+02,8.410000000000000000e+02,5.350000000000000000e+02,5.983742581504240832e+01
1.380045175552368164e+00,8.502467104275402789e+02,4.763580576943858773e+02,8.410000000000000000e+02,5.360000000000000000e+02,6.035447734606758274e+01
1.390052318572998047e+00,8.502616966119882136e+02,4.768371166968535135e+02,8.410000000000000000e+02,5.370000000000000000e+02,6.087159889045577188e+01
1.400059461593627930e+00,8.502766824393927436e+02,4.773211531656189663e+02,8.400000000000000000e+02,5.370000000000000000e+02,6.055720404247238520e+01
1.410066366195678711e+00,8.502916686238406783e+02,4.778052011667504644e+02,8.400000000000000000e+02,5.380000000000000000e+02,6.106825893734261257e+01
1.420073509216308594e+00,8.503066551653320175e+02,4.782942498177739594e+02,8.400000000000000000e+02,5.380000000000000000e+02,6.058880874814630602e+01
1.430080890655517578e+00,8.503216409927365476e+02,4.787832751663411273e+02,8.400000000000000000e+02,5.390000000000000000e+02,6.109492796031049267e+01
1.440087795257568359e+00,8.503366271771844822e+02,4.792723121661364871e+02,8.400000000000000000e+02,5.400000000000000000e+02,6.160111956001517086e+01
1.450094938278198242e+00,8.503516133616324169e+02,4.797663381645956520e+02,8.400000000000000000e+02,5.400000000000000000e+02,6.111669098773732856e+01
1.460102081298828125e+00,8.503666238250344804e+02,4.802661616104787186e+02,8.400000000000000000e+02,5.410000000000000000e+02,6.161222293550413553e+01
1.470125436782836914e+00,8.503816117946996656e+02,4.807652360523635480e+02,8.390000000000000000e+02,5.420000000000000000e+02,6.228352432841291630e+01
1.480133771896362305e+00,8.503965976221041956e+02,4.812692280403359746e+02,8.390000000000000000e+02,5.420000000000000000e+02,6.179084964763686827e+01
1.490140676498413086e+00,8.504115820213348798e+02,4.817731719970506106e+02,8.390000000000000000e+02,5.430000000000000000e+02,6.228120640716909406e+01
1.500146627426147461e+00,8.504265710621303924e+02,4.822972318535954628e+02,8.390000000000000000e+02,5.430000000000000000e+02,6.176886421874746702e+01
1.510155677795410156e+00,8.504415565324914041e+02,4.828311443993914054e+02,8.390000000000000000e+02,5.440000000000000000e+02,6.222972048285531343e+01
1.520162343978881836e+00,8.504565412887656066e+02,4.833650315032133449e+02,8.390000000000000000e+02,5.450000000000000000e+02,6.269068256049757082e+01
1.530168533325195312e+00,8.504715281873004642e+02,4.839089734057333771e+02,8.390000000000000000e+02,5.450000000000000000e+02,6.215874427056438378e+01
1.540176153182983398e+00,8.504865129435746667e+02,4.844528375559862639e+02,8.380000000000000000e+02,5.460000000000000000e+02,6.280100485183236714e+01
1.550182342529296875e+00,8.505014987709791967e+02,4.849967405823726949e+02,8.380000000000000000e+02,5.460000000000000000e+02,6.227106174697143359e+01
1.560189247131347656e+00,8.505164853124705360e+02,4.855406695261815457e+02,8.380000000000000000e+02,5.470000000000000000e+02,6.272090326890486267e+01
1.570196628570556641e+00,8.505314736391791257e+02,4.860846632635463607e+02,8.380000000000000000e+02,5.480000000000000000e+02,6.317077453029911283e+01
1.580205202102661133e+00,8.505464594665836557e+02,4.866285662899327917e+02,8.380000000000000000e+02,5.480000000000000000e+02,6.264077362849057806e+01
1.590212106704711914e+00,8.505614431517275307e+02,4.871374743976477362e+02,8.380000000000000000e+02,5.490000000000000000e+02,6.312497071647456437e+01
1.600217580795288086e+00,8.505764321925230433e+02,4.876465644055107873e+02,8.370000000000000000e+02,5.490000000000000000e+02,6.283759678986229602e+01
1.610226631164550781e+00,8.505914165917537275e+02,4.881255663404585334e+02,8.370000000000000000e+02,5.500000000000000000e+02,6.334960256907375964e+01
1.620232582092285156e+00,8.506064049184623173e+02,4.884599537982954303e+02,8.370000000000000000e+02,5.510000000000000000e+02,6.400305956527779472e+01
1.630241155624389648e+00,8.506213886036061922e+02,4.887942377034761989e+02,8.370000000000000000e+02,5.510000000000000000e+02,6.367965994241862404e+01
1.640246629714965820e+00,8.506363765732713773e+02,4.889789102157524781e+02,8.370000000000000000e+02,5.520000000000000000e+02,6.447952018774837768e+01
1.650254964828491211e+00,8.506513616865889844e+02,4.891635475338771357e+02,8.370000000000000000e+02,5.530000000000000000e+02,6.527980039305906246e+01
1.660261392593383789e+00,8.506663464428631869e+02,4.893481804527328336e+02,8.360000000000000000e+02,5.530000000000000000e+02,6.531964367370621005e+01
1.670267581939697266e+00,8.506813354836586996e+02,4.895328661628159921e+02,8.360000000000000000e+02,5.540000000000000000e+02,6.611772044440984075e+01
1.680276632308959961e+00,8.506963216681066342e+02,4.897175166787475291e+02,8.360000000000000000e+02,5.540000000000000000e+02,6.594103072078539185e+01
1.690283775329589844e+00,8.507113067814242413e+02,4.897923846840808437e+02,8.360000000000000000e+02,5.550000000000000000e+02,6.684650807937595118e+01
1.700290203094482422e+00,8.507262911806549255e+02,4.898672491217226934e+02,8.360000000000000000e+02,5.560000000000000000e+02,6.775252313136185478e+01
1.710296154022216797e+00,8.507412770080594555e+02,4.899421206947474730e+02,8.360000000000000000e+02,5.560000000000000000e+02,6.768270581275287157e+01
1.720303058624267578e+00,8.507562649777246406e+02,4.900170029708466473e+02,8.350000000000000000e+02,5.570000000000000000e+02,6.881120386285826385e+01
1.730311393737792969e+00,8.507712461635643422e+02,4.900918513538769048e+02,8.350000000000000000e+02,5.570000000000000000e+02,6.874178176919366479e+01
1.740315198898315430e+00,8.507862409170548972e+02,4.901068461073674598e+02,8.350000000000000000e+02,5.580000000000000000e+02,6.970427352594661841e+01
1.750328063964843750e+00,8.508012253162855814e+02,4.901218305065982008e+02,8.350000000000000000e+02,5.590000000000000000e+02,7.066739668516034101e+01
1.760334014892578125e+00,8.508162125718638436e+02,4.901368177621764630e+02,8.350000000000000000e+02,5.590000000000000000e+02,7.065614232349568624e+01
1.770341873168945312e+00,8.508311958999642002e+02,4.901368369469755635e+02,8.350000000000000000e+02,5.600000000000000000e+02,7.163440734309541824e+01
1.780347108840942383e+00,8.508461813703252119e+02,4.901368561345176431e+02,8.340000000000000000e+02,5.600000000000000000e+02,7.186551814000213767e+01
1.790353775024414062e+00,8.508611668406862236e+02,4.901368753220597227e+02,8.340000000000000000e+02,5.610000000000000000e+02,7.284148122018638105e+01
1.800360441207885742e+00,8.508661750278064346e+02,4.904313029970522848e+02,8.340000000000000000e+02,5.620000000000000000e+02,7.352922038732859278e+01
1.810367584228515625e+00,8.508499636718693182e+02,4.908210510127075850e+02,8.340000000000000000e+02,5.620000000000000000e+02,7.314618277585572059e+01
1.821376085281372070e+00,8.508352258840535569e+02,4.911753719947782315e+02,8.340000000000000000e+02,5.630000000000000000e+02,7.377128180163060733e+01
1.831383943557739258e+00,8.508106664153640395e+02,4.916444002854939299e+02,8.340000000000000000e+02,5.630000000000000000e+02,7.330907253502438436e+01
1.841390371322631836e+00,8.507861046060055514e+02,4.921134732775001339e+02,8.330000000000000000e+02,5.640000000000000000e+02,7.405415748815497068e+01
1.851397752761840820e+00,8.507566311369760115e+02,4.926973204403649333e+02,8.330000000000000000e+02,5.650000000000000000e+02,7.445116131288951067e+01
1.861404895782470703e+00,8.507173387958754347e+02,4.933160021412780907e+02,8.330000000000000000e+02,5.650000000000000000e+02,7.384104307915131926e+01
1.871410608291625977e+00,8.506780333470288724e+02,4.939348902315879855e+02,8.330000000000000000e+02,5.660000000000000000e+02,7.420170421864943933e+01
1.881419658660888672e+00,8.506338241967856675e+02,4.945586345228016967e+02,8.330000000000000000e+02,5.660000000000000000e+02,7.358546362597552104e+01
1.891426563262939453e+00,8.505847099407444603e+02,4.951872778148734824e+02,8.320000000000000000e+02,5.670000000000000000e+02,7.417855829833690962e+01
1.901432037353515625e+00,8.505355874923619695e+02,4.958160259657129245e+02,8.320000000000000000e+02,5.680000000000000000e+02,7.452579493752237738e+01
1.911439180374145508e+00,8.504815476496695510e+02,4.964448340358482028e+02,8.320000000000000000e+02,5.680000000000000000e+02,7.390337867570274000e+01
1.921447277069091797e+00,8.504275039448734788e+02,4.970736870454553014e+02,8.320000000000000000e+02,5.690000000000000000e+02,7.424935957214333371e+01
1.931456089019775391e+00,8.503685710508279954e+02,4.977022853980552100e+02,8.320000000000000000e+02,5.700000000000000000e+02,7.459466428045357134e+01
1.941460847854614258e+00,8.503047118679307914e+02,4.983310335488946521e+02,8.320000000000000000e+02,5.700000000000000000e+02,7.396961017024241869e+01
1.951467990875244141e+00,8.502408481207291970e+02,4.989598266392059713e+02,8.310000000000000000e+02,5.710000000000000000e+02,7.456538616716355250e+01
1.961475849151611328e+00,8.501720848853349253e+02,4.995884998909256183e+02,8.310000000000000000e+02,5.710000000000000000e+02,7.394032179182626408e+01
1.971481800079345703e+00,8.501033036267899661e+02,5.002173379207088146e+02,8.310000000000000000e+02,5.720000000000000000e+02,7.428113343674176861e+01
1.981490373611450195e+00,8.500345354759909924e+02,5.008460561119003387e+02,8.310000000000000000e+02,5.730000000000000000e+02,7.462241727117792323e+01
1.991497039794921875e+00,8.499608588254239976e+02,5.014747443434439447e+02,8.310000000000000000e+02,5.730000000000000000e+02,7.399578612416630108e+01
2.001503229141235352e+00,8.498871663753418488e+02,5.021035673934031820e+02,8.300000000000000000e+02,5.740000000000000000e+02,7.459622247805478423e+01
2.011511564254760742e+00,8.498134914802766389e+02,5.027322406451228289e+02,8.300000000000000000e+02,5.740000000000000000e+02,7.397072372299514598e+01
2.021517515182495117e+00,8.497398078077029595e+02,5.033609887959622711e+02,8.300000000000000000e+02,5.750000000000000000e+02,7.430886850556461809e+01
2.031524658203125000e+00,8.496661241351292801e+02,5.039897369468017132e+02,8.300000000000000000e+02,5.750000000000000000e+02,7.368319955989107939e+01
2.041531801223754883e+00,8.495875244726470328e+02,5.046185150572890734e+02,8.300000000000000000e+02,5.760000000000000000e+02,7.402018310969658899e+01
2.051539421081542969e+00,8.495040083521224688e+02,5.052473231274243517e+02,8.290000000000000000e+02,5.770000000000000000e+02,7.462480148639700417e+01
2.061547517776489258e+00,8.494204982003036548e+02,5.058760862580877529e+02,8.290000000000000000e+02,5.770000000000000000e+02,7.399735030874806796e+01
2.071554899215698242e+00,8.493369900380533863e+02,5.065048344089271950e+02,8.290000000000000000e+02,5.780000000000000000e+02,7.433136529556553285e+01
2.081562042236328125e+00,8.492534898340775271e+02,5.071335226404708010e+02,8.290000000000000000e+02,5.780000000000000000e+02,7.370387685737939876e+01
2.091568231582641602e+00,8.491650778533971788e+02,5.077622108720144070e+02,8.290000000000000000e+02,5.790000000000000000e+02,7.403683518814747799e+01
2.101574420928955078e+00,8.490717363069285284e+02,5.083910189421496852e+02,8.280000000000000000e+02,5.800000000000000000e+02,7.464492105382853993e+01
2.111582517623901367e+00,8.489784125495436911e+02,5.090197071736932912e+02,8.280000000000000000e+02,5.800000000000000000e+02,7.401551028539287813e+01
2.121588706970214844e+00,8.488703251399515466e+02,5.097114454842611053e+02,8.280000000000000000e+02,5.810000000000000000e+02,7.428074095208508254e+01
2.132598400115966797e+00,8.487720779025175943e+02,5.103402086149245065e+02,8.280000000000000000e+02,5.820000000000000000e+02,7.460968383354000366e+01
2.142605781555175781e+00,8.486738540717728938e+02,5.109688219473483741e+02,8.280000000000000000e+02,5.820000000000000000e+02,7.397862189665646326e+01
2.152610778808593750e+00,8.485756115156768828e+02,5.115975551183638572e+02,8.270000000000000000e+02,5.830000000000000000e+02,7.459099240089581428e+01
2.162617683410644531e+00,8.484621246510098445e+02,5.122892634692838101e+02,8.270000000000000000e+02,5.830000000000000000e+02,7.389608281398849954e+01
2.173626899719238281e+00,8.483589650517042173e+02,5.129180265999472113e+02,8.270000000000000000e+02,5.840000000000000000e+02,7.422164327556843944e+01
2.183634281158447266e+00,8.482509111136776028e+02,5.135466848718428992e+02,8.270000000000000000e+02,5.850000000000000000e+02,7.454647856180163501e+01
2.193639993667602539e+00,8.481428340030287245e+02,5.141754779621542184e+02,8.260000000000000000e+02,5.850000000000000000e+02,7.420524253430473038e+01
2.203647851943969727e+00,8.480200366595810237e+02,5.148041811735217834e+02,8.260000000000000000e+02,5.860000000000000000e+02,7.452332945368183914e+01
2.213654279708862305e+00,8.478874060489482645e+02,5.154329293243612256e+02,8.260000000000000000e+02,5.860000000000000000e+02,7.388348940928639763e+01
2.223661422729492188e+00,8.477547596388003512e+02,5.160617523743204629e+02,8.260000000000000000e+02,5.870000000000000000e+02,7.419908721233844062e+01
2.233669757843017578e+00,8.476123249023107746e+02,5.166904106462161508e+02,8.260000000000000000e+02,5.870000000000000000e+02,7.355631137285745069e+01
2.243675470352172852e+00,8.474551330674868268e+02,5.173191587970555929e+02,8.250000000000000000e+02,5.880000000000000000e+02,7.416208137744236240e+01
2.253682613372802734e+00,8.472979262523817852e+02,5.179479668671908712e+02,8.250000000000000000e+02,5.890000000000000000e+02,7.446871106352293168e+01
2.263690710067749023e+00,8.471198909948526534e+02,5.186385067918423601e+02,8.250000000000000000e+02,5.890000000000000000e+02,7.375655431285939301e+01
2.274681329727172852e+00,8.469479583293433507e+02,5.192672699225057613e+02,8.250000000000000000e+02,5.900000000000000000e+02,7.405965149149872673e+01
2.284688711166381836e+00,8.467760338561752178e+02,5.198960030935212444e+02,8.250000000000000000e+02,5.900000000000000000e+02,7.340821502235885987e+01
2.294695615768432617e+00,8.465988981177138157e+02,5.205257998320374782e+02,8.240000000000000000e+02,5.910000000000000000e+02,7.400893922661543911e+01
2.304719448089599609e+00,8.464046651971608526e+02,5.212163846961608442e+02,8.240000000000000000e+02,5.920000000000000000e+02,7.424479253172415838e+01
2.315710783004760742e+00,8.462278285961879192e+02,5.218451178671763273e+02,8.240000000000000000e+02,5.920000000000000000e+02,7.359200942474591045e+01
2.325717687606811523e+00,8.460509877820109068e+02,5.224738660180157694e+02,8.240000000000000000e+02,5.930000000000000000e+02,7.389304186868466218e+01
2.335724830627441406e+00,8.458741469678338945e+02,5.231026141688552116e+02,8.230000000000000000e+02,5.930000000000000000e+02,7.354502801368685994e+01
2.345731973648071289e+00,8.456973103668609610e+02,5.237313473398706947e+02,8.230000000000000000e+02,5.940000000000000000e+02,7.384342519520279779e+01
2.355738878250122070e+00,8.455201662019914011e+02,5.243611740380348465e+02,8.230000000000000000e+02,5.950000000000000000e+02,7.414176703485100006e+01
2.365763187408447266e+00,8.453432790425697476e+02,5.249900869669378380e+02,8.230000000000000000e+02,5.950000000000000000e+02,7.348884297137261967e+01
2.375772953033447266e+00,8.451664803604334111e+02,5.256186853195376898e+02,8.220000000000000000e+02,5.960000000000000000e+02,7.409598685786299654e+01
2.385777711868286133e+00,8.449896016274199155e+02,5.262475682887927633e+02,8.220000000000000000e+02,5.960000000000000000e+02,7.344333538595654431e+01
2.395787000656127930e+00,8.448128113716917369e+02,5.268761366817448106e+02,8.220000000000000000e+02,5.970000000000000000e+02,7.374130843263986890e+01
2.405791282653808594e+00,8.446359537046985224e+02,5.275049447518800889e+02,8.220000000000000000e+02,5.980000000000000000e+02,7.404011895288076062e+01
2.415799379348754883e+00,8.444591381697459838e+02,5.281336030237757768e+02,8.220000000000000000e+02,5.980000000000000000e+02,7.338750788633645072e+01
2.425805091857910156e+00,8.442822847159568482e+02,5.287623961140870961e+02,8.210000000000000000e+02,5.990000000000000000e+02,7.399584975678897081e+01
2.435812950134277344e+00,8.441054607545961517e+02,5.293910843456307020e+02,8.210000000000000000e+02,5.990000000000000000e+02,7.334346225301395350e+01
2.445819139480590820e+00,8.439286157272151740e+02,5.300198474762941032e+02,8.210000000000000000e+02,6.000000000000000000e+02,7.364063529334494262e+01
2.455826520919799805e+00,8.437517538470178806e+02,5.306486705262533405e+02,8.210000000000000000e+02,6.010000000000000000e+02,7.393883865627691421e+01
2.465834856033325195e+00,8.435575335660770406e+02,5.313392104509048295e+02,8.200000000000000000e+02,6.010000000000000000e+02,7.353626988310037405e+01
2.476825475692749023e+00,8.433806969651041072e+02,5.319679436219203126e+02,8.200000000000000000e+02,6.020000000000000000e+02,7.383187598264424878e+01
2.486832380294799805e+00,8.432038561509270949e+02,5.325966917727597547e+02,8.200000000000000000e+02,6.020000000000000000e+02,7.317949257242926819e+01
2.496839523315429688e+00,8.430270153367500825e+02,5.332254399235991968e+02,8.200000000000000000e+02,6.030000000000000000e+02,7.347606868344405484e+01
2.506846666336059570e+00,8.428501745225730701e+02,5.338541880744386390e+02,8.190000000000000000e+02,6.030000000000000000e+02,7.314351735869897198e+01
2.516853809356689453e+00,8.426733337083960578e+02,5.344829362252780811e+02,8.190000000000000000e+02,6.040000000000000000e+02,7.343738070443305332e+01
2.526860952377319336e+00,8.424964971074231244e+02,5.351116693962935642e+02,8.190000000000000000e+02,6.050000000000000000e+02,7.373238183384633260e+01
2.536867856979370117e+00,8.423196520800421467e+02,5.357404325269569654e+02,8.190000000000000000e+02,6.050000000000000000e+02,7.308005103779836986e+01
2.546875238418579102e+00,8.421428154790692133e+02,5.363691656979724485e+02,8.180000000000000000e+02,6.060000000000000000e+02,7.369754829607835234e+01
2.556882143020629883e+00,8.419659704516882357e+02,5.369979288286358496e+02,8.180000000000000000e+02,6.060000000000000000e+02,7.304555815126062157e+01
2.566889524459838867e+00,8.417891296375112233e+02,5.376266769794752918e+02,8.180000000000000000e+02,6.070000000000000000e+02,7.333880716115021414e+01
2.576896667480468750e+00,8.416122930365382899e+02,5.382554101504907749e+02,8.180000000000000000e+02,6.080000000000000000e+02,7.363320036314881634e+01
2.586903572082519531e+00,8.414354480091573123e+02,5.388841732811541760e+02,8.170000000000000000e+02,6.080000000000000000e+02,7.330817568619309554e+01
2.596910953521728516e+00,8.412586114081843789e+02,5.395129064521696591e+02,8.170000000000000000e+02,6.090000000000000000e+02,7.359983965456866883e+01
2.606917858123779297e+00,8.410817705940073665e+02,5.401416546030091013e+02,8.170000000000000000e+02,6.090000000000000000e+02,7.294794997636120115e+01
2.616925001144409180e+00,8.409049339930344331e+02,5.407703877740245844e+02,8.170000000000000000e+02,6.100000000000000000e+02,7.324059719971060645e+01
2.626931905746459961e+00,8.407280889656534555e+02,5.413991509046879855e+02,8.160000000000000000e+02,6.100000000000000000e+02,7.292156663491975621e+01
2.636939287185668945e+00,8.405512481514764431e+02,5.420278990555274277e+02,8.160000000000000000e+02,6.110000000000000000e+02,7.321143691043010904e+01
2.646946430206298828e+00,8.403744115505035097e+02,5.426566322265429108e+02,8.160000000000000000e+02,6.120000000000000000e+02,7.350248017991124527e+01
2.656953334808349609e+00,8.401972842384501519e+02,5.432863990054112264e+02,8.160000000000000000e+02,6.120000000000000000e+02,7.284962269058020468e+01
2.666976690292358398e+00,8.400204055054366563e+02,5.439152819746662999e+02,8.150000000000000000e+02,6.130000000000000000e+02,7.347597536811846908e+01
2.676985979080200195e+00,8.398436026100962408e+02,5.445438953070901107e+02,8.150000000000000000e+02,6.130000000000000000e+02,7.282474071615374100e+01
2.686990976333618164e+00,8.396667407298989474e+02,5.451727183570493480e+02,8.150000000000000000e+02,6.140000000000000000e+02,7.311390289537351350e+01
2.696999311447143555e+00,8.394898872761098119e+02,5.458015114473606673e+02,8.150000000000000000e+02,6.140000000000000000e+02,7.246232413924523996e+01
2.707007169723510742e+00,8.393130464619327995e+02,5.464302595982001094e+02,8.140000000000000000e+02,6.150000000000000000e+02,7.309281510486647448e+01
2.717014312744140625e+00,8.391362309269802608e+02,5.470589178700957973e+02,8.140000000000000000e+02,6.160000000000000000e+02,7.338053495619035971e+01
2.727020025253295898e+00,8.389593606203748095e+02,5.476877708797029527e+02,8.140000000000000000e+02,6.160000000000000000e+02,7.272915735770541801e+01
2.737028837203979492e+00,8.387825577250343940e+02,5.483163842121267635e+02,8.140000000000000000e+02,6.170000000000000000e+02,7.301790359282340148e+01
2.747033834457397461e+00,8.386057169108573817e+02,5.489451323629662056e+02,8.130000000000000000e+02,6.170000000000000000e+02,7.271256939218388027e+01
2.757040977478027344e+00,8.384288803098844483e+02,5.495738655339816887e+02,8.130000000000000000e+02,6.180000000000000000e+02,7.299838239150267327e+01
2.767047882080078125e+00,8.382520015768709527e+02,5.502027485032367622e+02,8.130000000000000000e+02,6.180000000000000000e+02,7.234729362010480713e+01
2.777057170867919922e+00,8.380751818287143351e+02,5.508314217549564091e+02,8.130000000000000000e+02,6.190000000000000000e+02,7.263415039562117670e+01
2.787063121795654297e+00,8.378983578673536385e+02,5.514601099865000151e+02,8.120000000000000000e+02,6.200000000000000000e+02,7.326964899116272534e+01
2.797069311141967773e+00,8.377215170531766262e+02,5.520888581373394572e+02,8.120000000000000000e+02,6.200000000000000000e+02,7.261900321959302573e+01
2.807076454162597656e+00,8.375446762389996138e+02,5.527176062881788994e+02,8.120000000000000000e+02,6.210000000000000000e+02,7.290415471817404125e+01
2.817083597183227539e+00,8.373678354248226015e+02,5.533463544390183415e+02,8.110000000000000000e+02,6.210000000000000000e+02,7.261045725432020959e+01
2.827090740203857422e+00,8.371909777578293870e+02,5.539751625091536198e+02,8.110000000000000000e+02,6.220000000000000000e+02,7.289270081131013512e+01
2.837098836898803711e+00,8.369964751922162804e+02,5.546667060820100232e+02,8.110000000000000000e+02,6.220000000000000000e+02,7.217748397018243622e+01
2.848105430603027344e+00,8.368196133120189870e+02,5.552955291319692606e+02,8.110000000000000000e+02,6.230000000000000000e+02,7.246066386048509855e+01
2.858113765716552734e+00,8.366427767110460536e+02,5.559242623029847437e+02,8.100000000000000000e+02,6.240000000000000000e+02,7.310364979853935097e+01
2.868120670318603516e+00,8.364659527496853570e+02,5.565529505345283496e+02,8.100000000000000000e+02,6.240000000000000000e+02,7.245378621263596131e+01
2.878126859664916992e+00,8.362890950826921426e+02,5.571817586046636279e+02,8.100000000000000000e+02,6.250000000000000000e+02,7.273534482095305975e+01
2.888134956359863281e+00,8.361122542685151302e+02,5.578105067555030701e+02,8.100000000000000000e+02,6.250000000000000000e+02,7.208521225213868888e+01
2.898142099380493164e+00,8.359354050279300736e+02,5.584392848659904303e+02,8.090000000000000000e+02,6.260000000000000000e+02,7.273215432968716243e+01
2.908149719238281250e+00,8.357585684269571402e+02,5.590680180370059134e+02,8.090000000000000000e+02,6.260000000000000000e+02,7.208266916363955090e+01
2.918156623840332031e+00,8.355817276127801279e+02,5.596967661878453555e+02,8.090000000000000000e+02,6.270000000000000000e+02,7.236237644282832093e+01
2.928163766860961914e+00,8.354048783721950713e+02,5.603255442983327157e+02,8.080000000000000000e+02,6.280000000000000000e+02,7.301273391067981322e+01
2.938171386718750000e+00,8.352280459844262168e+02,5.609542624895242398e+02,8.080000000000000000e+02,6.280000000000000000e+02,7.236364699525339006e+01
2.948178052902221680e+00,8.350512135966573624e+02,5.615829806807157638e+02,8.080000000000000000e+02,6.290000000000000000e+02,7.264174179456824731e+01
2.958184719085693359e+00,8.348569891025124434e+02,5.622735355851912118e+02,8.080000000000000000e+02,6.290000000000000000e+02,7.192856815586708308e+01
2.969175577163696289e+00,8.346798702168672435e+02,5.629032724044116094e+02,8.070000000000000000e+02,6.300000000000000000e+02,7.258199548964748260e+01
2.979198455810546875e+00,8.345030209762821869e+02,5.635320505148989696e+02,8.070000000000000000e+02,6.300000000000000000e+02,7.193333352191986307e+01
2.989206075668334961e+00,8.343261717356971303e+02,5.641608286253863298e+02,8.070000000000000000e+02,6.310000000000000000e+02,7.220937952768869650e+01
2.999213695526123047e+00,8.341492972158877137e+02,5.647896966148174442e+02,8.060000000000000000e+02,6.320000000000000000e+02,7.286705575825514813e+01
3.009222745895385742e+00,8.339724901073432193e+02,5.654183249270652141e+02,8.060000000000000000e+02,6.320000000000000000e+02,7.221897021090289570e+01
3.019227981567382812e+00,8.337956366535540838e+02,5.660471180173765333e+02,8.060000000000000000e+02,6.330000000000000000e+02,7.249335019679739389e+01
3.029235839843750000e+00,8.336014290122254806e+02,5.667376130025561451e+02,8.060000000000000000e+02,6.330000000000000000e+02,7.178121491111681962e+01
3.040225744247436523e+00,8.334245839848445030e+02,5.673663761332195463e+02,8.050000000000000000e+02,6.340000000000000000e+02,7.244305904868355128e+01
3.050233125686645508e+00,8.332477431706674906e+02,5.679951242840589885e+02,8.050000000000000000e+02,6.340000000000000000e+02,7.179539408982174109e+01
3.060240268707275391e+00,8.330709023564904783e+02,5.686238724348984306e+02,8.050000000000000000e+02,6.350000000000000000e+02,7.206778662929963275e+01
3.070247411727905273e+00,8.328940615423134659e+02,5.692526205857378727e+02,8.040000000000000000e+02,6.360000000000000000e+02,7.273293236961137609e+01
3.080254554748535156e+00,8.327172249413405325e+02,5.698813537567533558e+02,8.040000000000000000e+02,6.360000000000000000e+02,7.208574331565947091e+01
3.090261459350585938e+00,8.325403841271635201e+02,5.705101019075927979e+02,8.040000000000000000e+02,6.370000000000000000e+02,7.235647914640915701e+01
3.100268602371215820e+00,8.323635390997825425e+02,5.711388650382561991e+02,8.030000000000000000e+02,6.370000000000000000e+02,7.211037738712431633e+01
3.110275983810424805e+00,8.321864117877291847e+02,5.717686318171245148e+02,8.030000000000000000e+02,6.380000000000000000e+02,7.237707347232623079e+01
3.120299339294433594e+00,8.320095793999603302e+02,5.723973500083160388e+02,8.030000000000000000e+02,6.380000000000000000e+02,7.173049130526010231e+01
3.130306005477905273e+00,8.318327090933548789e+02,5.730262030179231942e+02,8.030000000000000000e+02,6.390000000000000000e+02,7.199907639611994625e+01
3.140314817428588867e+00,8.316558682791778665e+02,5.736549511687626364e+02,8.020000000000000000e+02,6.390000000000000000e+02,7.175963998062381677e+01
3.150321960449218750e+00,8.314790401046130910e+02,5.742836543801302014e+02,8.020000000000000000e+02,6.400000000000000000e+02,7.202535586249864252e+01
3.160328388214111328e+00,8.313021866508239555e+02,5.749124474704415206e+02,8.020000000000000000e+02,6.410000000000000000e+02,7.229234220764242025e+01
3.170336246490478516e+00,8.311253753290754958e+02,5.755410907625132495e+02,8.010000000000000000e+02,6.410000000000000000e+02,7.205835855248993482e+01
3.180341720581054688e+00,8.309485345148984834e+02,5.761698389133526916e+02,8.010000000000000000e+02,6.420000000000000000e+02,7.232236741343578501e+01
3.190348863601684570e+00,8.307716684214971110e+02,5.767986769431358880e+02,8.010000000000000000e+02,6.420000000000000000e+02,7.167680774814910194e+01
3.200357437133789062e+00,8.305948360337282566e+02,5.774273951343274121e+02,8.010000000000000000e+02,6.430000000000000000e+02,7.194178777826479632e+01
3.210364103317260742e+00,8.304179910063472789e+02,5.780561582649908132e+02,8.000000000000000000e+02,6.430000000000000000e+02,7.171441107730123576e+01
3.220371484756469727e+00,8.302411670449865824e+02,5.786848464965344192e+02,8.000000000000000000e+02,6.440000000000000000e+02,7.197636738141244450e+01
3.230377674102783203e+00,8.300643093779933679e+02,5.793136545666696975e+02,8.000000000000000000e+02,6.440000000000000000e+02,7.133152167096838525e+01
3.240385770797729492e+00,8.298874559242042324e+02,5.799424476569810167e+02,7.990000000000000000e+02,6.450000000000000000e+02,7.201749822323957062e+01
3.250393629074096680e+00,8.297106403892516937e+02,5.805711059288767046e+02,7.990000000000000000e+02,6.450000000000000000e+02,7.137384552023215178e+01
3.260399341583251953e+00,8.295337911486666371e+02,5.811998840393640648e+02,7.990000000000000000e+02,6.460000000000000000e+02,7.163356357478146208e+01
3.270406961441040039e+00,8.293568281515717899e+02,5.818290666050982054e+02,7.980000000000000000e+02,6.470000000000000000e+02,7.232220427565749787e+01
3.280421018600463867e+00,8.291801095203127261e+02,5.824573803410429491e+02,7.980000000000000000e+02,6.470000000000000000e+02,7.167948787581762815e+01
3.290421247482299805e+00,8.290032644929317485e+02,5.830861434717063503e+02,7.980000000000000000e+02,6.480000000000000000e+02,7.193755054625208345e+01
3.300428628921508789e+00,8.288264278919588151e+02,5.837148766427218334e+02,7.970000000000000000e+02,6.480000000000000000e+02,7.173213085795322286e+01
3.310435533523559570e+00,8.286495955041899606e+02,5.843435948339133574e+02,7.970000000000000000e+02,6.490000000000000000e+02,7.198713513246653406e+01
3.320442199707031250e+00,8.284550845121686962e+02,5.850351683664176790e+02,7.970000000000000000e+02,6.490000000000000000e+02,7.128058661080315517e+01
3.331449270248413086e+00,8.282782394847877185e+02,5.856639314970810801e+02,7.960000000000000000e+02,6.500000000000000000e+02,7.197926406021100831e+01
3.341456651687622070e+00,8.281013986706107062e+02,5.862926796479205223e+02,7.960000000000000000e+02,6.500000000000000000e+02,7.133808564190636048e+01
3.351463794708251953e+00,8.279245494300256496e+02,5.869214577584078825e+02,7.960000000000000000e+02,6.510000000000000000e+02,7.159075661087580045e+01
3.361471414566040039e+00,8.277477254686649530e+02,5.875501459899514884e+02,7.960000000000000000e+02,6.520000000000000000e+02,7.184498419757835563e+01
3.371477603912353516e+00,8.275708678016717386e+02,5.881789540600867667e+02,7.950000000000000000e+02,6.520000000000000000e+02,7.165184808655315862e+01
3.381485700607299805e+00,8.273940396271069631e+02,5.888076572714543317e+02,7.950000000000000000e+02,6.530000000000000000e+02,7.190292531143393262e+01
3.391492128372192383e+00,8.272171735337055907e+02,5.894364953012375281e+02,7.950000000000000000e+02,6.530000000000000000e+02,7.126194917408938068e+01
3.401500701904296875e+00,8.270403285063246130e+02,5.900652584319009293e+02,7.940000000000000000e+02,6.540000000000000000e+02,7.196745436088080794e+01
3.411508083343505859e+00,8.268635003317598375e+02,5.906939616432684943e+02,7.940000000000000000e+02,6.540000000000000000e+02,7.132786374538031282e+01
3.421514511108398438e+00,8.266866763703991410e+02,5.913226498748121003e+02,7.940000000000000000e+02,6.550000000000000000e+02,7.157669824118025304e+01
3.431520700454711914e+00,8.265098144902018475e+02,5.919514729247713376e+02,7.930000000000000000e+02,6.550000000000000000e+02,7.140045121372541814e+01
3.441529035568237305e+00,8.263329989552493089e+02,5.925801311966670255e+02,7.930000000000000000e+02,6.560000000000000000e+02,7.164613442735496562e+01
3.451534748077392578e+00,8.261561244354398923e+02,5.932089991860981399e+02,7.930000000000000000e+02,6.560000000000000000e+02,7.100731209382452391e+01
3.461543798446655273e+00,8.259793004740791957e+02,5.938376874176417459e+02,7.920000000000000000e+02,6.570000000000000000e+02,7.172217642723407494e+01
3.471549987792968750e+00,8.258024765127184992e+02,5.944663756491853519e+02,7.920000000000000000e+02,6.570000000000000000e+02,7.108489004592807703e+01
3.481556177139282227e+00,8.256256146325212057e+02,5.950951986991445892e+02,7.920000000000000000e+02,6.580000000000000000e+02,7.132808693715908532e+01
3.491564512252807617e+00,8.254487906711605092e+02,5.957238869306881952e+02,7.910000000000000000e+02,6.590000000000000000e+02,7.204571926121472814e+01
3.501570701599121094e+00,8.252719582833916547e+02,5.963526051218797193e+02,7.910000000000000000e+02,6.590000000000000000e+02,7.140912553444181299e+01
3.511577367782592773e+00,8.250951174692146424e+02,5.969813532727191614e+02,7.910000000000000000e+02,6.600000000000000000e+02,7.165072833249756457e+01
3.521584510803222656e+00,8.249182429494052258e+02,5.976102212621502758e+02,7.900000000000000000e+02,6.600000000000000000e+02,7.149663056138753348e+01
3.531593561172485352e+00,8.247365115415775563e+02,5.982388945138699228e+02,7.900000000000000000e+02,6.610000000000000000e+02,7.173270938643888428e+01
3.541599512100219727e+00,8.245547498220873877e+02,5.988676726243572830e+02,7.900000000000000000e+02,6.610000000000000000e+02,7.109470332156320183e+01
3.551607131958007812e+00,8.243730184142597182e+02,5.994963458760769299e+02,7.890000000000000000e+02,6.620000000000000000e+02,7.181891958654462371e+01
3.561613082885742188e+00,8.241912350435819690e+02,6.001251988856840853e+02,7.890000000000000000e+02,6.620000000000000000e+02,7.118225928438054950e+01
3.571621894836425781e+00,8.239996894450210903e+02,6.007538421777558142e+02,7.890000000000000000e+02,6.630000000000000000e+02,7.141122058107991677e+01
3.581627368927001953e+00,8.238080845105030221e+02,6.013826802075390106e+02,7.880000000000000000e+02,6.630000000000000000e+02,7.126649293123473683e+01
3.591635942459106445e+00,8.236116321676759071e+02,6.020113085197867804e+02,7.880000000000000000e+02,6.640000000000000000e+02,7.148976302293152685e+01
3.601641178131103516e+00,8.234151330114702887e+02,6.026400866302741406e+02,7.880000000000000000e+02,6.640000000000000000e+02,7.084681090183519814e+01
3.611648797988891602e+00,8.232137117796169150e+02,6.032688947004094189e+02,7.870000000000000000e+02,6.650000000000000000e+02,7.156928309244339914e+01
3.621656894683837891e+00,8.230074269888389153e+02,6.038975529723051068e+02,7.870000000000000000e+02,6.650000000000000000e+02,7.092280191256423905e+01
3.631662607192993164e+00,8.228011028748229592e+02,6.045263310827924670e+02,7.870000000000000000e+02,6.660000000000000000e+02,7.113881456136378745e+01
3.641670227050781250e+00,8.225898612494637518e+02,6.051551241731037862e+02,7.860000000000000000e+02,6.670000000000000000e+02,7.185823969663618982e+01
3.651678085327148438e+00,8.223737327755241040e+02,6.057838423642953103e+02,7.860000000000000000e+02,6.670000000000000000e+02,7.120720744211699582e+01
3.661684751510620117e+00,8.221575734047546575e+02,6.064126504344305886e+02,7.860000000000000000e+02,6.680000000000000000e+02,7.141688694581880270e+01
3.671692848205566406e+00,8.219414346318717435e+02,6.070413985852700307e+02,7.850000000000000000e+02,6.680000000000000000e+02,7.127847276072047578e+01
3.681699991226196289e+00,8.217252958589888294e+02,6.076701467361094728e+02,7.850000000000000000e+02,6.690000000000000000e+02,7.148495126458858806e+01
3.691707134246826172e+00,8.215042817068032264e+02,6.082987900281812017e+02,7.850000000000000000e+02,6.690000000000000000e+02,7.083219236316551815e+01
3.701712608337402344e+00,8.212831990900515393e+02,6.089276280579643981e+02,7.840000000000000000e+02,6.700000000000000000e+02,7.155327769581738551e+01
3.711721181869506836e+00,8.210621744048557957e+02,6.095563013096840450e+02,7.840000000000000000e+02,6.700000000000000000e+02,7.090166065038005172e+01
3.721727132797241211e+00,8.208410917881041087e+02,6.101851393394672414e+02,7.840000000000000000e+02,6.710000000000000000e+02,7.110353944284015881e+01
3.731735706329345703e+00,8.206200723694133785e+02,6.108137976113629293e+02,7.830000000000000000e+02,6.710000000000000000e+02,7.097639609789921167e+01
3.741741418838500977e+00,8.203990318847023673e+02,6.114425158025544533e+02,7.830000000000000000e+02,6.720000000000000000e+02,7.117511136792728621e+01
3.751748085021972656e+00,8.201730686221429778e+02,6.120712639533938955e+02,7.830000000000000000e+02,6.720000000000000000e+02,7.052156007158617967e+01
3.761755228042602539e+00,8.199470622912753015e+02,6.127001319428250099e+02,7.820000000000000000e+02,6.730000000000000000e+02,7.124642885261435765e+01
3.771764278411865234e+00,8.196989080829109753e+02,6.133906269280046217e+02,7.820000000000000000e+02,6.730000000000000000e+02,7.053002926895818803e+01
3.782754182815551758e+00,8.194729502038900364e+02,6.140193600990201048e+02,7.810000000000000000e+02,6.740000000000000000e+02,7.125899985490973165e+01
3.792761087417602539e+00,8.192469815577920826e+02,6.146481232296835060e+02,7.810000000000000000e+02,6.740000000000000000e+02,7.060790943259064534e+01
3.802768468856811523e+00,8.190210236787711438e+02,6.152768564006989891e+02,7.810000000000000000e+02,6.750000000000000000e+02,7.079867317234416646e+01
3.812775373458862305e+00,8.187950604162117543e+02,6.159056045515384312e+02,7.800000000000000000e+02,6.750000000000000000e+02,7.069090667205135503e+01
3.822782516479492188e+00,8.185690917701138005e+02,6.165343676822018324e+02,7.800000000000000000e+02,6.760000000000000000e+02,7.087832014746838638e+01
3.832789897918701172e+00,8.183431338910928616e+02,6.171631008532173155e+02,7.800000000000000000e+02,6.770000000000000000e+02,7.106792818207462403e+01
3.842796802520751953e+00,8.181171706285334722e+02,6.177918490040567576e+02,7.790000000000000000e+02,6.770000000000000000e+02,7.096307618994694622e+01
3.852803945541381836e+00,8.178912073659740827e+02,6.184205971548961998e+02,7.790000000000000000e+02,6.780000000000000000e+02,7.114935877267173225e+01
3.862811088562011719e+00,8.176652441034146932e+02,6.190493453057356419e+02,7.790000000000000000e+02,6.780000000000000000e+02,7.049950915048300715e+01
3.872818231582641602e+00,8.174392862243937543e+02,6.196780784767511250e+02,7.780000000000000000e+02,6.790000000000000000e+02,7.123585944663089720e+01
3.882825136184692383e+00,8.172129245799833370e+02,6.203079351345631949e+02,7.780000000000000000e+02,6.790000000000000000e+02,7.058620213812400834e+01
3.892849922180175781e+00,8.169869936186551058e+02,6.209365934064588828e+02,7.780000000000000000e+02,6.800000000000000000e+02,7.077055651791224022e+01
3.902855634689331055e+00,8.167610249725571521e+02,6.215653565371222840e+02,7.770000000000000000e+02,6.800000000000000000e+02,7.067918125942003371e+01
3.912863016128540039e+00,8.165350347923050549e+02,6.221941795870815213e+02,7.770000000000000000e+02,6.810000000000000000e+02,7.086002745176712381e+01
3.922871351242065430e+00,8.163090984474382594e+02,6.228228528388011682e+02,7.760000000000000000e+02,6.810000000000000000e+02,7.077714228097271132e+01
3.932877302169799805e+00,8.160831298013403057e+02,6.234516159694645694e+02,7.760000000000000000e+02,6.820000000000000000e+02,7.095470785831022908e+01
3.942884683609008789e+00,8.158571773058579311e+02,6.240803341606560934e+02,7.760000000000000000e+02,6.820000000000000000e+02,7.030847938713976930e+01
3.952891349792480469e+00,8.156312140432985416e+02,6.247090823114955356e+02,7.750000000000000000e+02,6.830000000000000000e+02,7.105439212040549535e+01
3.962898492813110352e+00,8.154052561642776027e+02,6.253378154825110187e+02,7.750000000000000000e+02,6.830000000000000000e+02,7.040960338639779081e+01
3.972905397415161133e+00,8.151792713675640698e+02,6.259666235526462970e+02,7.750000000000000000e+02,6.840000000000000000e+02,7.058503120002583842e+01
3.982913494110107422e+00,8.149532973379275518e+02,6.265954016631336572e+02,7.740000000000000000e+02,6.840000000000000000e+02,7.051567537126523177e+01
3.992921113967895508e+00,8.147273663765993206e+02,6.272240599350293451e+02,7.740000000000000000e+02,6.850000000000000000e+02,7.068788879549900628e+01
4.002926826477050781e+00,8.145013761963472234e+02,6.278528829849885824e+02,7.730000000000000000e+02,6.850000000000000000e+02,7.062688729738938775e+01
4.012935161590576172e+00,8.142754398514804279e+02,6.284815562367082293e+02,7.730000000000000000e+02,6.860000000000000000e+02,7.079571532150895052e+01
4.022941112518310547e+00,8.140445643440826871e+02,6.291103043875476715e+02,7.730000000000000000e+02,6.860000000000000000e+02,7.015050768934621317e+01
4.032948255538940430e+00,8.138136503326811635e+02,6.297391573971548269e+02,7.720000000000000000e+02,6.870000000000000000e+02,7.090264769196942041e+01
4.042957067489624023e+00,8.135778850508669393e+02,6.303678456286984328e+02,7.720000000000000000e+02,6.870000000000000000e+02,7.025611314354101467e+01
4.052963256835937500e+00,8.133421141514472765e+02,6.309965488400659979e+02,7.720000000000000000e+02,6.880000000000000000e+02,7.041707070486728526e+01
4.062969684600830078e+00,8.131063039287896572e+02,6.316253569102012762e+02,7.710000000000000000e+02,6.880000000000000000e+02,7.036363559428832559e+01
4.072977781295776367e+00,8.128705386469754330e+02,6.322540451417448821e+02,7.710000000000000000e+02,6.890000000000000000e+02,7.052124076732478386e+01
4.082983970642089844e+00,8.126297985074292001e+02,6.328828981513520375e+02,7.710000000000000000e+02,6.890000000000000000e+02,6.987252137758220272e+01
4.092992782592773438e+00,8.123891443874658762e+02,6.335115264635998074e+02,7.700000000000000000e+02,6.900000000000000000e+02,7.062426781478173154e+01
4.102998018264770508e+00,8.121484099825585190e+02,6.341403644933830037e+02,7.700000000000000000e+02,6.900000000000000000e+02,6.997704868733708850e+01
4.113006591796875000e+00,8.119077099854843027e+02,6.347691126442224459e+02,7.690000000000000000e+02,6.910000000000000000e+02,7.073177693948154854e+01
4.123013734817504883e+00,8.116670386616044652e+02,6.353977858959420928e+02,7.690000000000000000e+02,6.910000000000000000e+02,7.008624973148688753e+01
4.133019685745239258e+00,8.114214381230366371e+02,6.360265040871336168e+02,7.690000000000000000e+02,6.920000000000000000e+02,7.023254699307362614e+01
4.143026351928710938e+00,8.111757849194179926e+02,6.366553570967407722e+02,7.680000000000000000e+02,6.920000000000000000e+02,7.019385942870731299e+01
4.153035163879394531e+00,8.109060169742054995e+02,6.373459419608641383e+02,7.680000000000000000e+02,6.930000000000000000e+02,7.027304226240894991e+01
4.164026498794555664e+00,8.106599892635589413e+02,6.379757536792043311e+02,7.670000000000000000e+02,6.930000000000000000e+02,7.024145745687285114e+01
4.174050569534301758e+00,8.104144179833526778e+02,6.386043969712760600e+02,7.670000000000000000e+02,6.940000000000000000e+02,7.038099547284923574e+01
4.184056043624877930e+00,8.101638696217789857e+02,6.392332050414113382e+02,7.670000000000000000e+02,6.940000000000000000e+02,6.973178235755936782e+01
4.194064140319824219e+00,8.099133749785570444e+02,6.398618782931309852e+02,7.660000000000000000e+02,6.950000000000000000e+02,7.048827538937847237e+01
4.204070091247558594e+00,8.096377580528027238e+02,6.405536016238748971e+02,7.660000000000000000e+02,6.950000000000000000e+02,6.977581403327850751e+01
4.215079545974731445e+00,8.093823274069529816e+02,6.411823347948903802e+02,7.650000000000000000e+02,6.960000000000000000e+02,7.053203105396481476e+01
4.225086450576782227e+00,8.091269332755384767e+02,6.418109780869621090e+02,7.650000000000000000e+02,6.960000000000000000e+02,6.988301894019409133e+01
4.235091924667358398e+00,8.088665656907933226e+02,6.424397711772734283e+02,7.650000000000000000e+02,6.970000000000000000e+02,7.000781495442468838e+01
4.245099782943725586e+00,8.086061546866396839e+02,6.430686691263524608e+02,7.640000000000000000e+02,6.970000000000000000e+02,6.998783812728662213e+01
4.255109310150146484e+00,8.083458615351663639e+02,6.436972824587762716e+02,7.640000000000000000e+02,6.980000000000000000e+02,7.010948985449883253e+01
4.265114307403564453e+00,8.080855063559665723e+02,6.443260455894396728e+02,7.640000000000000000e+02,6.980000000000000000e+02,6.945808270265510487e+01
4.275121688842773438e+00,8.078251573795394052e+02,6.449547937402791149e+02,7.630000000000000000e+02,6.990000000000000000e+02,7.021523377270953858e+01
4.285128831863403320e+00,8.075648208086574869e+02,6.455835119314706390e+02,7.630000000000000000e+02,6.990000000000000000e+02,6.956539693901768828e+01
4.295135498046875000e+00,8.073044656294576953e+02,6.462122750621340401e+02,7.620000000000000000e+02,7.000000000000000000e+02,7.032505926028247245e+01
4.305142879486083984e+00,8.070440422197586940e+02,6.468412029708609907e+02,7.620000000000000000e+02,7.000000000000000000e+02,6.967656306880098782e+01
4.315152883529663086e+00,8.067788568361663692e+02,6.474697713638130381e+02,7.620000000000000000e+02,7.010000000000000000e+02,6.978990899403963510e+01
4.325157165527343750e+00,8.065136272139313860e+02,6.480984446155326850e+02,7.610000000000000000e+02,7.010000000000000000e+02,6.978584974236953542e+01
4.335163116455078125e+00,8.062483217540233227e+02,6.487272976251398404e+02,7.610000000000000000e+02,7.020000000000000000e+02,6.989557525248685010e+01
4.345171928405761719e+00,8.059831047714005763e+02,6.493559409172115693e+02,7.600000000000000000e+02,7.020000000000000000e+02,6.989880457582748363e+01
4.355177402496337891e+00,8.057178182709108114e+02,6.499847489873468476e+02,7.600000000000000000e+02,7.030000000000000000e+02,7.000525514121527237e+01
4.365185499191284180e+00,8.054525317704210465e+02,6.506135570574821259e+02,7.600000000000000000e+02,7.030000000000000000e+02,6.935612480892235965e+01
4.375193595886230469e+00,8.051873211076043617e+02,6.512421853697298957e+02,7.590000000000000000e+02,7.040000000000000000e+02,7.011886790057934604e+01
4.385198831558227539e+00,8.049220346071145968e+02,6.518709934398651740e+02,7.590000000000000000e+02,7.040000000000000000e+02,6.947133644463455937e+01
4.395206928253173828e+00,8.046567481066248320e+02,6.524998015100004523e+02,7.580000000000000000e+02,7.050000000000000000e+02,7.023619426886959616e+01
4.405215024948120117e+00,8.043866003878792981e+02,6.531284897415440582e+02,7.580000000000000000e+02,7.050000000000000000e+02,6.958714157111143095e+01
4.415221214294433594e+00,8.041164526691337642e+02,6.537571779730876642e+02,7.580000000000000000e+02,7.060000000000000000e+02,6.968529012725778671e+01
4.425227403640747070e+00,8.038413276349539274e+02,6.543860160028708606e+02,7.570000000000000000e+02,7.060000000000000000e+02,6.970016727857259298e+01
4.435235977172851562e+00,8.035662550317579189e+02,6.550147341940623846e+02,7.570000000000000000e+02,7.070000000000000000e+02,6.979171848146960144e+01
4.445242643356323242e+00,8.032912020901809456e+02,6.556434074457820316e+02,7.560000000000000000e+02,7.070000000000000000e+02,6.981373356234638550e+01
4.455248594284057617e+00,8.030161163792390653e+02,6.562721555966214737e+02,7.560000000000000000e+02,7.080000000000000000e+02,6.990196768336561206e+01
4.465255737304687500e+00,8.027409847911861789e+02,6.569010086062286291e+02,7.560000000000000000e+02,7.080000000000000000e+02,6.925190669368329566e+01
4.475264549255371094e+00,8.024659449573551910e+02,6.575296518983003580e+02,7.550000000000000000e+02,7.090000000000000000e+02,7.001580296193715469e+01
4.485270023345947266e+00,8.021908264770482901e+02,6.581584749482595953e+02,7.550000000000000000e+02,7.090000000000000000e+02,6.936738983970514028e+01
4.495278358459472656e+00,8.019157342122333603e+02,6.587872380789229965e+02,7.540000000000000000e+02,7.100000000000000000e+02,7.013319163336504403e+01
4.505285739898681641e+00,8.016406616090373518e+02,6.594159562701145205e+02,7.540000000000000000e+02,7.100000000000000000e+02,6.948653192247957122e+01
4.515292406082153320e+00,8.013656086674603785e+02,6.600446295218341675e+02,7.540000000000000000e+02,7.110000000000000000e+02,6.956975395246222149e+01
4.525298357009887695e+00,8.010905032948994631e+02,6.606734226121454867e+02,7.530000000000000000e+02,7.110000000000000000e+02,6.960934490951947851e+01
4.535306215286254883e+00,8.008154306917034546e+02,6.613021408033370108e+02,7.530000000000000000e+02,7.110000000000000000e+02,6.896515512173112938e+01
4.545312881469726562e+00,8.005403122113965537e+02,6.619309638532962481e+02,7.520000000000000000e+02,7.120000000000000000e+02,6.973571746415018424e+01
4.555321216583251953e+00,8.002652658236925163e+02,6.625596221251919360e+02,7.520000000000000000e+02,7.120000000000000000e+02,6.909331986115236646e+01
4.565326929092407227e+00,7.999577170243373985e+02,6.632502369489632201e+02,7.510000000000000000e+02,7.130000000000000000e+02,6.979897549297839987e+01
4.576318740844726562e+00,7.996772787887325649e+02,6.638799737681836177e+02,7.510000000000000000e+02,7.130000000000000000e+02,6.915384622195878705e+01
4.586341619491577148e+00,7.993972674911394733e+02,6.645087518786709779e+02,7.510000000000000000e+02,7.140000000000000000e+02,6.922195562981342221e+01
4.596349239349365234e+00,7.991172495226400088e+02,6.651375449689822972e+02,7.500000000000000000e+02,7.140000000000000000e+02,6.928234776858754174e+01
4.606357097625732422e+00,7.988372248832340574e+02,6.657663530391175755e+02,7.500000000000000000e+02,7.150000000000000000e+02,6.934714505561409226e+01
4.616365194320678711e+00,7.985523350464352461e+02,6.663950562504851405e+02,7.490000000000000000e+02,7.150000000000000000e+02,6.941091027675460623e+01
4.626371622085571289e+00,7.982674519975763587e+02,6.670237444820287465e+02,7.490000000000000000e+02,7.160000000000000000e+02,6.946909694889592402e+01
4.636377811431884766e+00,7.979825553728377372e+02,6.676524626732202705e+02,7.490000000000000000e+02,7.160000000000000000e+02,6.882423335146911825e+01
4.646384477615356445e+00,7.976976248083996097e+02,6.682812557635315898e+02,7.480000000000000000e+02,7.170000000000000000e+02,6.959432413332915246e+01
4.656392335891723633e+00,7.974127078198413301e+02,6.689100188941949909e+02,7.480000000000000000e+02,7.170000000000000000e+02,6.895115645763812040e+01
4.666399717330932617e+00,7.971278044071627846e+02,6.695387520652104740e+02,7.470000000000000000e+02,7.180000000000000000e+02,6.972294691190204219e+01
4.676406621932983398e+00,7.968379543418127469e+02,6.701675601353457523e+02,7.470000000000000000e+02,7.180000000000000000e+02,6.907795593662551425e+01
4.686414718627929688e+00,7.965481457063027619e+02,6.707962783265372764e+02,7.460000000000000000e+02,7.190000000000000000e+02,6.984779035530239355e+01
4.696421384811401367e+00,7.962532635538656223e+02,6.714253410536797446e+02,7.460000000000000000e+02,7.190000000000000000e+02,6.920071294194134737e+01
4.706433534622192383e+00,7.959586622816993895e+02,6.720538045878640787e+02,7.460000000000000000e+02,7.200000000000000000e+02,6.924381265842903588e+01
4.716436147689819336e+00,7.956639275914044447e+02,6.726825527387035208e+02,7.450000000000000000e+02,7.200000000000000000e+02,6.932369273424957612e+01
4.726443290710449219e+00,7.953691858791027016e+02,6.733113158693669220e+02,7.450000000000000000e+02,7.200000000000000000e+02,6.867960477444252376e+01
4.736450672149658203e+00,7.950744792768348361e+02,6.739400041009105280e+02,7.440000000000000000e+02,7.210000000000000000e+02,6.944959069297780729e+01
4.746456861495971680e+00,7.947699418650844336e+02,6.745687073122780930e+02,7.440000000000000000e+02,7.210000000000000000e+02,6.880008675602779533e+01
4.756463289260864258e+00,7.944604262016321172e+02,6.751975453420612894e+02,7.430000000000000000e+02,7.220000000000000000e+02,6.956037109491319370e+01
4.766471862792968750e+00,7.941509621499295690e+02,6.758262785130767725e+02,7.430000000000000000e+02,7.220000000000000000e+02,6.890887812768019671e+01
4.776478767395019531e+00,7.938316586282693379e+02,6.764550416437401736e+02,7.430000000000000000e+02,7.230000000000000000e+02,6.892235245032536284e+01
4.786486148834228516e+00,7.935123855353051567e+02,6.770837448551077387e+02,7.420000000000000000e+02,7.230000000000000000e+02,6.900600227566266653e+01
4.796492576599121094e+00,7.931931352638630415e+02,6.777124031270034266e+02,7.420000000000000000e+02,7.240000000000000000e+02,6.901651050597399717e+01
4.806498289108276367e+00,7.928688962077088718e+02,6.783412111971387048e+02,7.410000000000000000e+02,7.240000000000000000e+02,6.910215183878406719e+01
4.816506385803222656e+00,7.925447189452142993e+02,6.789698994286823108e+02,7.410000000000000000e+02,7.250000000000000000e+02,6.910592022212536278e+01
4.826512575149536133e+00,7.922155358111244823e+02,6.795987674181134253e+02,7.400000000000000000e+02,7.250000000000000000e+02,6.919345417015530586e+01
4.836521625518798828e+00,7.918766555197476009e+02,6.802273957303611951e+02,7.400000000000000000e+02,7.250000000000000000e+02,6.852571401306401810e+01
4.846526861190795898e+00,7.915375652703681908e+02,6.808564135180317862e+02,7.400000000000000000e+02,7.260000000000000000e+02,6.851323984787468646e+01
4.856538295745849609e+00,7.911938146321268732e+02,6.814849669311598745e+02,7.390000000000000000e+02,7.260000000000000000e+02,6.859870592782891663e+01
4.866542339324951172e+00,7.908498919547196238e+02,6.821138349205909890e+02,7.390000000000000000e+02,7.270000000000000000e+02,6.857972813632360953e+01
4.876551389694213867e+00,7.905061003547721157e+02,6.827424632328387588e+02,7.380000000000000000e+02,7.270000000000000000e+02,6.867037305244546985e+01
4.886556625366210938e+00,7.901573226618817216e+02,6.833712263635021600e+02,7.380000000000000000e+02,7.280000000000000000e+02,6.864483770505547966e+01
4.896564006805419922e+00,7.898085698971153761e+02,6.839999445546936840e+02,7.370000000000000000e+02,7.280000000000000000e+02,6.873681643608867375e+01
4.906570672988891602e+00,7.894548714159452629e+02,6.846287226651810442e+02,7.370000000000000000e+02,7.290000000000000000e+02,6.870461256412680484e+01
4.916578292846679688e+00,7.890962946296363043e+02,6.852574408563725683e+02,7.370000000000000000e+02,7.290000000000000000e+02,6.802525556417717212e+01
4.926584959030151367e+00,7.887377092998857506e+02,6.858861740273880514e+02,7.360000000000000000e+02,7.300000000000000000e+02,6.875533160520097908e+01
4.936591863632202148e+00,7.883790812529273353e+02,6.865149820975233297e+02,7.360000000000000000e+02,7.300000000000000000e+02,6.807727179374538196e+01
4.946599960327148438e+00,7.879792964050365072e+02,6.872064807309078560e+02,7.350000000000000000e+02,7.300000000000000000e+02,6.810353250020790483e+01
4.957605838775634766e+00,7.876157816265310885e+02,6.878352438615712572e+02,7.350000000000000000e+02,7.310000000000000000e+02,6.805598172578828553e+01
4.967613220214843750e+00,7.872111209312038227e+02,6.885258437055185823e+02,7.340000000000000000e+02,7.310000000000000000e+02,6.808433992984900840e+01
4.978604793548583984e+00,7.868427025683351985e+02,6.891545918563580244e+02,7.340000000000000000e+02,7.320000000000000000e+02,6.802999495605450875e+01
4.988611936569213867e+00,7.864736522248568917e+02,6.897844185545221762e+02,7.330000000000000000e+02,7.320000000000000000e+02,6.812919197410691652e+01
4.998636245727539062e+00,7.860953823375856473e+02,6.904132116448334955e+02,7.330000000000000000e+02,7.330000000000000000e+02,6.806433844519571608e+01
5.008644104003906250e+00,7.857171394850405477e+02,6.910419597956729376e+02,7.320000000000000000e+02,7.330000000000000000e+02,6.816163299278582599e+01
5.018651247024536133e+00,7.853389236672214793e+02,6.916706630070405026e+02,7.320000000000000000e+02,7.340000000000000000e+02,6.809415208548534792e+01
5.028657674789428711e+00,7.849509117988533262e+02,6.922993212789361905e+02,7.320000000000000000e+02,7.340000000000000000e+02,6.739989366554911498e+01
5.038663387298583984e+00,7.845246507084907535e+02,6.929899510825314337e+02,7.310000000000000000e+02,7.350000000000000000e+02,6.804213726444842791e+01
5.049655437469482422e+00,7.841316804841065959e+02,6.936186842535469168e+02,7.310000000000000000e+02,7.350000000000000000e+02,6.734529503961535113e+01
5.059662342071533203e+00,7.837337886522084318e+02,6.942474324043863589e+02,7.300000000000000000e+02,7.350000000000000000e+02,6.743954187681929113e+01
5.069669485092163086e+00,7.833352237609610711e+02,6.948772441227265517e+02,7.300000000000000000e+02,7.360000000000000000e+02,6.734780727368645614e+01
5.079693555831909180e+00,7.829324196842246693e+02,6.955059922735659939e+02,7.290000000000000000e+02,7.360000000000000000e+02,6.744234986077992744e+01
5.089700698852539062e+00,7.825295772205179219e+02,6.961348003437012721e+02,7.290000000000000000e+02,7.370000000000000000e+02,6.734523131118156414e+01
5.099708795547485352e+00,7.821267731437815200e+02,6.967635484945407143e+02,7.280000000000000000e+02,7.370000000000000000e+02,6.744389965526582387e+01
5.109715938568115234e+00,7.817191248186391022e+02,6.973822154533540925e+02,7.280000000000000000e+02,7.380000000000000000e+02,6.734648315063137147e+01
5.119721412658691406e+00,7.813113599281842880e+02,6.980010593173647067e+02,7.270000000000000000e+02,7.380000000000000000e+02,6.745101239404608862e+01
5.129729747772216797e+00,7.808987411925809283e+02,6.986198147287766460e+02,7.270000000000000000e+02,7.390000000000000000e+02,6.734711326169180268e+01
5.139736652374267578e+00,7.804861322877869725e+02,6.992385553980889199e+02,7.270000000000000000e+02,7.390000000000000000e+02,6.664637142363785927e+01
5.149743318557739258e+00,7.800735037213740952e+02,6.998573255516006384e+02,7.260000000000000000e+02,7.390000000000000000e+02,6.675397192436442140e+01
5.159750461578369141e+00,7.796609046473896569e+02,7.004760514788131331e+02,7.260000000000000000e+02,7.400000000000000000e+02,6.664559396000365155e+01
5.169756889343261719e+00,7.792482269269293056e+02,7.010948953428237473e+02,7.250000000000000000e+02,7.400000000000000000e+02,6.675685203109456722e+01
5.179765224456787109e+00,7.788306761678352359e+02,7.017086911209092932e+02,7.250000000000000000e+02,7.410000000000000000e+02,6.664494467038333880e+01
5.189772605895996094e+00,7.784082331766221614e+02,7.023274465323212326e+02,7.240000000000000000e+02,7.410000000000000000e+02,6.675194550806861571e+01
5.199779510498046875e+00,7.779857901854090869e+02,7.029462019437331719e+02,7.240000000000000000e+02,7.420000000000000000e+02,6.663080882416693385e+01
5.209786415100097656e+00,7.775535126396431451e+02,7.035599830985810286e+02,7.230000000000000000e+02,7.420000000000000000e+02,6.673620187503242107e+01
5.219793558120727539e+00,7.770733048652114121e+02,7.042122386285731181e+02,7.230000000000000000e+02,7.420000000000000000e+02,6.596845616285102665e+01
5.230785369873046875e+00,7.766354692840510552e+02,7.048069409517021313e+02,7.220000000000000000e+02,7.430000000000000000e+02,6.666141510165572015e+01
5.240807294845581055e+00,7.761933567155984974e+02,7.052959896027256264e+02,7.220000000000000000e+02,7.430000000000000000e+02,6.601902992427166339e+01
5.250814676284790039e+00,7.757512125481155181e+02,7.057451382242508089e+02,7.210000000000000000e+02,7.440000000000000000e+02,6.679168904115689998e+01
5.260822772979736328e+00,7.753091737107340577e+02,7.061941798470334106e+02,7.210000000000000000e+02,7.440000000000000000e+02,6.617224785800419795e+01
5.270828485488891602e+00,7.748174505473948557e+02,7.065564710719455661e+02,7.210000000000000000e+02,7.450000000000000000e+02,6.613790819086622719e+01
5.281836509704589844e+00,7.743704043169833540e+02,7.068858452777654975e+02,7.200000000000000000e+02,7.450000000000000000e+02,6.639901848508509374e+01
5.291844367980957031e+00,7.739184562577103179e+02,7.070106145662077779e+02,7.200000000000000000e+02,7.460000000000000000e+02,6.653850089774664411e+01
5.301851987838745117e+00,7.734616719083056751e+02,7.072102082988546954e+02,7.190000000000000000e+02,7.460000000000000000e+02,6.686345524474614876e+01
5.311857938766479492e+00,7.730047896019065092e+02,7.074098448341986796e+02,7.190000000000000000e+02,7.460000000000000000e+02,6.637557815693067198e+01
5.321866035461425781e+00,7.725332590382779472e+02,7.074098448341986796e+02,7.180000000000000000e+02,7.470000000000000000e+02,6.738884720328837830e+01
5.331872224807739258e+00,7.720469004540466358e+02,7.075795445248693341e+02,7.180000000000000000e+02,7.470000000000000000e+02,6.689573797004101152e+01
5.341880321502685547e+00,7.715606461466159089e+02,7.077492078313958928e+02,7.170000000000000000e+02,7.480000000000000000e+02,6.780110897423725191e+01
5.351886272430419922e+00,7.710694099594463751e+02,7.079089171589666876e+02,7.170000000000000000e+02,7.480000000000000000e+02,6.731118790163544929e+01
5.361893653869628906e+00,7.705781386622429636e+02,7.080686379014128988e+02,7.160000000000000000e+02,7.480000000000000000e+02,6.762608149880855990e+01
5.371901750564575195e+00,7.700819664724456288e+02,7.082632803256515217e+02,7.160000000000000000e+02,7.490000000000000000e+02,6.770775012768613976e+01
5.381909608840942383e+00,7.695809533111787459e+02,7.082632803256515217e+02,7.150000000000000000e+02,7.490000000000000000e+02,6.810698050995598862e+01
5.391916036605834961e+00,7.690799043376773625e+02,7.082632803256515217e+02,7.150000000000000000e+02,7.500000000000000000e+02,6.831244266125668219e+01
5.401923179626464844e+00,7.685739431193377413e+02,7.082534558359750463e+02,7.140000000000000000e+02,7.500000000000000000e+02,6.871018277687520026e+01
5.411930322647094727e+00,7.680630574846815080e+02,7.085927925833932477e+02,7.140000000000000000e+02,7.510000000000000000e+02,6.871088287503722825e+01
5.421937704086303711e+00,7.675522570503741235e+02,7.089320727396542452e+02,7.130000000000000000e+02,7.510000000000000000e+02,6.888874547610687671e+01
5.431943416595458984e+00,7.670364221883105529e+02,7.093612634647305413e+02,7.130000000000000000e+02,7.510000000000000000e+02,6.821817428784594028e+01
5.441951513290405273e+00,7.665206364802944563e+02,7.097904132921033806e+02,7.130000000000000000e+02,7.520000000000000000e+02,6.816236307015235241e+01
5.451958656311035156e+00,7.660048630607901714e+02,7.102444972940591015e+02,7.120000000000000000e+02,7.520000000000000000e+02,6.826453867448704216e+01
5.461965560913085938e+00,7.654790775469950859e+02,7.107237160855823959e+02,7.120000000000000000e+02,7.530000000000000000e+02,6.817107830223868348e+01
5.471976041793823242e+00,7.649534923944599996e+02,7.112027522610420647e+02,7.110000000000000000e+02,7.530000000000000000e+02,6.824946344192660774e+01
5.481982707977294922e+00,7.644231342668875868e+02,7.116666813450748350e+02,7.110000000000000000e+02,7.530000000000000000e+02,6.754609171467645012e+01
5.491986751556396484e+00,7.638926371035811371e+02,7.121307320501734921e+02,7.100000000000000000e+02,7.540000000000000000e+02,6.824552683240608530e+01
5.501993417739868164e+00,7.633621020214380906e+02,7.125948159246537443e+02,7.100000000000000000e+02,7.540000000000000000e+02,6.754186257766122026e+01
5.512000799179077148e+00,7.628217293418725831e+02,7.130938546996815148e+02,7.090000000000000000e+02,7.550000000000000000e+02,6.821219512140913821e+01
5.522008419036865234e+00,7.622813824096651842e+02,7.135928696968045415e+02,7.090000000000000000e+02,7.550000000000000000e+02,6.747930165191979768e+01
5.532015562057495117e+00,7.617361751954697411e+02,7.141018141845490845e+02,7.080000000000000000e+02,7.550000000000000000e+02,6.752953522447320722e+01
5.542021751403808594e+00,7.611859251271100675e+02,7.146158696508954336e+02,7.080000000000000000e+02,7.560000000000000000e+02,6.738982769215422763e+01
5.552030324935913086e+00,7.606357930284641498e+02,7.151298149073941204e+02,7.070000000000000000e+02,7.560000000000000000e+02,6.743270959479610838e+01
5.562036752700805664e+00,7.600856740375642175e+02,7.156637020112160599e+02,7.070000000000000000e+02,7.570000000000000000e+02,6.728133708124462942e+01
5.572042942047119141e+00,7.595255980751265952e+02,7.161977163249081286e+02,7.060000000000000000e+02,7.570000000000000000e+02,6.730390777958338333e+01
5.582051515579223633e+00,7.589656688726305447e+02,7.167315907077430666e+02,7.060000000000000000e+02,7.570000000000000000e+02,6.653500481741824046e+01
5.592057466506958008e+00,7.583958620472734538e+02,7.172705048543277826e+02,7.050000000000000000e+02,7.580000000000000000e+02,6.715660696158491305e+01
5.602064371109008789e+00,7.578260416460366287e+02,7.178094318407615901e+02,7.050000000000000000e+02,7.580000000000000000e+02,6.637674626667975986e+01
5.612071514129638672e+00,7.572513089999615659e+02,7.183533478258592595e+02,7.040000000000000000e+02,7.590000000000000000e+02,6.699143410298788126e+01
5.622078657150268555e+00,7.566716641090482653e+02,7.188972638109569289e+02,7.040000000000000000e+02,7.590000000000000000e+02,6.620070732148100490e+01
5.632085800170898438e+00,7.560919639783483035e+02,7.194412316308993240e+02,7.030000000000000000e+02,7.590000000000000000e+02,6.620915944156362798e+01
5.642093896865844727e+00,7.555074207695768109e+02,7.199851346572858120e+02,7.030000000000000000e+02,7.600000000000000000e+02,6.601680607443027782e+01
5.652100801467895508e+00,7.549179935210275971e+02,7.205290117662498233e+02,7.020000000000000000e+02,7.600000000000000000e+02,6.601721707585350885e+01
5.662107229232788086e+00,7.543285381844513040e+02,7.210729147926363112e+02,7.020000000000000000e+02,7.610000000000000000e+02,6.582133424413135003e+01
5.672114133834838867e+00,7.537390126278072557e+02,7.216168826125787064e+02,7.010000000000000000e+02,7.610000000000000000e+02,6.582122293081022235e+01
5.682122230529785156e+00,7.531495572912309626e+02,7.221607856389651943e+02,7.010000000000000000e+02,7.610000000000000000e+02,6.502354110515508978e+01
5.692129135131835938e+00,7.525600738666275902e+02,7.227047145827740451e+02,7.000000000000000000e+02,7.620000000000000000e+02,6.562530625365948822e+01
5.702136516571044922e+00,7.519706466180783764e+02,7.232485916917380564e+02,7.000000000000000000e+02,7.620000000000000000e+02,6.482761568787498163e+01
5.712142944335937500e+00,7.513810929734072488e+02,7.237925854291029282e+02,7.000000000000000000e+02,7.630000000000000000e+02,6.463155632101172898e+01
5.722151517868041992e+00,7.507916657248580350e+02,7.243414511801445315e+02,6.990000000000000000e+02,7.630000000000000000e+02,6.462863169998713886e+01
5.732157945632934570e+00,7.502021823002546626e+02,7.248903692414793341e+02,6.990000000000000000e+02,7.630000000000000000e+02,6.382795178336287734e+01
5.742165327072143555e+00,7.496127831397325281e+02,7.254392088373743945e+02,6.980000000000000000e+02,7.640000000000000000e+02,6.442681117761986798e+01
5.752171277999877930e+00,7.489653260272089028e+02,7.260421111212561982e+02,6.980000000000000000e+02,7.640000000000000000e+02,6.354735073306171245e+01
5.763162851333618164e+00,7.483758566466190132e+02,7.265910161050177294e+02,6.970000000000000000e+02,7.650000000000000000e+02,6.414615101484230308e+01
5.773169994354248047e+00,7.477854041850808926e+02,7.271408365189096230e+02,6.960000000000000000e+02,7.650000000000000000e+02,6.414861141209621564e+01
5.783193826675415039e+00,7.471909800765117780e+02,7.276897807353909684e+02,6.960000000000000000e+02,7.650000000000000000e+02,6.334484116932513587e+01
5.793201684951782227e+00,7.465966692563185916e+02,7.282386203312860289e+02,6.960000000000000000e+02,7.660000000000000000e+02,6.313433878895113338e+01
5.803207635879516602e+00,7.460022309867025569e+02,7.287875776253406457e+02,6.950000000000000000e+02,7.660000000000000000e+02,6.313471267544512244e+01
5.813215732574462891e+00,7.454079201665093706e+02,7.293364172212357062e+02,6.950000000000000000e+02,7.670000000000000000e+02,6.292458886036532562e+01
5.823221683502197266e+00,7.448135527021282769e+02,7.298853091274239659e+02,6.940000000000000000e+02,7.670000000000000000e+02,6.292469639798706282e+01
5.833228588104248047e+00,7.442190861104181749e+02,7.304342925766252392e+02,6.940000000000000000e+02,7.670000000000000000e+02,6.212091088464044475e+01
5.843237161636352539e+00,7.436247752902249886e+02,7.309831321725202997e+02,6.930000000000000000e+02,7.680000000000000000e+02,6.271456271826246365e+01
5.853243112564086914e+00,7.430302945374679666e+02,7.315321286992948444e+02,6.930000000000000000e+02,7.680000000000000000e+02,6.191070996774784163e+01
5.863251924514770508e+00,7.424360120393688476e+02,7.320809421400433621e+02,6.920000000000000000e+02,7.680000000000000000e+02,6.191906029634390052e+01
5.873257398605346680e+00,7.418415171255647920e+02,7.326299517443911782e+02,6.920000000000000000e+02,7.690000000000000000e+02,6.170054488813921978e+01
5.883266448974609375e+00,7.412472629495596266e+02,7.331787390299930394e+02,6.910000000000000000e+02,7.690000000000000000e+02,6.170859074232316033e+01
5.893271446228027344e+00,7.406528671630845793e+02,7.337276570913278420e+02,6.910000000000000000e+02,7.700000000000000000e+02,6.149056901346109782e+01
5.903278827667236328e+00,7.400584147324215110e+02,7.342766274629558438e+02,6.900000000000000000e+02,7.700000000000000000e+02,6.149800184512953649e+01
5.913287162780761719e+00,7.394640189459464636e+02,7.348255455242906464e+02,6.890000000000000000e+02,7.700000000000000000e+02,6.151308361511877365e+01
5.923294544219970703e+00,7.388696656426122900e+02,7.353744243529055211e+02,6.890000000000000000e+02,7.710000000000000000e+02,6.128756147451777991e+01
5.933301210403442383e+00,7.382752698561372426e+02,7.359233424142403237e+02,6.880000000000000000e+02,7.710000000000000000e+02,6.130232186871924682e+01
5.943308591842651367e+00,7.376808599086151617e+02,7.364722735531483977e+02,6.880000000000000000e+02,7.720000000000000000e+02,6.107705942284520262e+01
5.953316211700439453e+00,7.370865349273750553e+02,7.370211262266167296e+02,6.870000000000000000e+02,7.720000000000000000e+02,6.109159182314241576e+01
5.963322401046752930e+00,7.364922241071818689e+02,7.375699658225117901e+02,6.870000000000000000e+02,7.720000000000000000e+02,6.029019406618724730e+01
5.973328351974487305e+00,7.358977999986127543e+02,7.381139206837430038e+02,6.860000000000000000e+02,7.730000000000000000e+02,6.088373325250130819e+01
5.983336210250854492e+00,7.353034750173726479e+02,7.386577848339958337e+02,6.860000000000000000e+02,7.730000000000000000e+02,6.008510956382467327e+01
5.993342399597167969e+00,7.347089376204276050e+02,7.392018433649166127e+02,6.850000000000000000e+02,7.730000000000000000e+02,6.011068017649770212e+01
6.003352165222167969e+00,7.341146409612814523e+02,7.397456815977470796e+02,6.850000000000000000e+02,7.740000000000000000e+02,5.987993224744420928e+01
6.013357877731323242e+00,7.335202026916654177e+02,7.402896494176894748e+02,6.840000000000000000e+02,7.740000000000000000e+02,5.990524360192445386e+01
6.023365974426269531e+00,7.329258777104253113e+02,7.408335135679423047e+02,6.840000000000000000e+02,7.740000000000000000e+02,5.910801410962272939e+01
6.033372163772583008e+00,7.323315668902321249e+02,7.413773647594839531e+02,6.830000000000000000e+02,7.750000000000000000e+02,5.969995889749203144e+01
6.043378114700317383e+00,7.317370719764280693e+02,7.419213844142711878e+02,6.830000000000000000e+02,7.750000000000000000e+02,5.890243623063439316e+01
6.053387165069580078e+00,7.311427045120469757e+02,7.424652874406576757e+02,6.820000000000000000e+02,7.760000000000000000e+02,5.949438925811470114e+01
6.063394069671630859e+00,7.305483370476658820e+02,7.430091904670441636e+02,6.820000000000000000e+02,7.760000000000000000e+02,5.869697218539928940e+01
6.073400974273681641e+00,7.299540262274726956e+02,7.435530416585858120e+02,6.810000000000000000e+02,7.760000000000000000e+02,5.873075675904025417e+01
6.083406925201416016e+00,7.293001398825808792e+02,7.441514101481358239e+02,6.810000000000000000e+02,7.770000000000000000e+02,5.841175710362490037e+01
6.094415903091430664e+00,7.287057724181997855e+02,7.446953131745223118e+02,6.800000000000000000e+02,7.770000000000000000e+02,5.844523126608074648e+01
6.104422807693481445e+00,7.281114474369596792e+02,7.452391773247751416e+02,6.800000000000000000e+02,7.770000000000000000e+02,5.764946861408535028e+01
6.114428997039794922e+00,7.275168250737326616e+02,7.457833136079631231e+02,6.790000000000000000e+02,7.780000000000000000e+02,5.823913802004652496e+01
6.124440193176269531e+00,7.269226133808684835e+02,7.463270740885263876e+02,6.790000000000000000e+02,7.780000000000000000e+02,5.744346010683802461e+01
6.134444475173950195e+00,7.263283025606752972e+02,7.468709252800680360e+02,6.780000000000000000e+02,7.780000000000000000e+02,5.748603414147893886e+01
6.144450426101684570e+00,7.257338501300122289e+02,7.474149060587217264e+02,6.780000000000000000e+02,7.790000000000000000e+02,5.723756290683454040e+01
6.154458761215209961e+00,7.251395534708660762e+02,7.479587442915521933e+02,6.770000000000000000e+02,7.790000000000000000e+02,5.727980590340384026e+01
6.164464473724365234e+00,7.245450868791559742e+02,7.485027380289170651e+02,6.770000000000000000e+02,7.800000000000000000e+02,5.703168240567269720e+01
6.174473047256469727e+00,7.239507902200098215e+02,7.490465762617475320e+02,6.760000000000000000e+02,7.800000000000000000e+02,5.707357290237926861e+01
6.184478759765625000e+00,7.233563519503937869e+02,7.495905440816899272e+02,6.760000000000000000e+02,7.800000000000000000e+02,5.627929529851283519e+01
6.194486856460571289e+00,7.227619844860126932e+02,7.501344471080764151e+02,6.750000000000000000e+02,7.810000000000000000e+02,5.686729743328980646e+01
6.204493761062622070e+00,7.221675603774435785e+02,7.506784019693076289e+02,6.750000000000000000e+02,7.810000000000000000e+02,5.607297084241812257e+01
6.214501619338989258e+00,7.215732212351564385e+02,7.512222790782716402e+02,6.740000000000000000e+02,7.810000000000000000e+02,5.612418410971761062e+01
6.224508047103881836e+00,7.209788962539163322e+02,7.517661432285244700e+02,6.740000000000000000e+02,7.820000000000000000e+02,5.586683084366188012e+01
6.234514236450195312e+00,7.203795167151673695e+02,7.523101369658893418e+02,6.730000000000000000e+02,7.820000000000000000e+02,5.591338454383775058e+01
6.244522809982299805e+00,7.197752962049488588e+02,7.528540659096981926e+02,6.730000000000000000e+02,7.820000000000000000e+02,5.511273726695961983e+01
6.254530191421508789e+00,7.191711188800720720e+02,7.533979559773734991e+02,6.720000000000000000e+02,7.830000000000000000e+02,5.569017387937848440e+01
6.264536857604980469e+00,7.185669127649674692e+02,7.539418719624711684e+02,6.710000000000000000e+02,7.830000000000000000e+02,5.574034441080755187e+01
6.274544000625610352e+00,7.179627210449767745e+02,7.544857749888576564e+02,6.710000000000000000e+02,7.830000000000000000e+02,5.494140693442751910e+01
6.284550905227661133e+00,7.173584141640749294e+02,7.550297816849337096e+02,6.700000000000000000e+02,7.840000000000000000e+02,5.551660059260343161e+01
6.294559717178344727e+00,7.167542944196536610e+02,7.555736199177641765e+02,6.700000000000000000e+02,7.840000000000000000e+02,5.471766745082789640e+01
6.304565429687500000e+00,7.161501026996629662e+02,7.561175229441506644e+02,6.690000000000000000e+02,7.840000000000000000e+02,5.477741059377240873e+01
6.314572334289550781e+00,7.155409262911307451e+02,7.566664802382052812e+02,6.690000000000000000e+02,7.850000000000000000e+02,5.448711923132362500e+01
6.324580430984497070e+00,7.149319095162192070e+02,7.572152936789537989e+02,6.680000000000000000e+02,7.850000000000000000e+02,5.453983898202644554e+01
6.334585905075073242e+00,7.143227331076869859e+02,7.577642509730084157e+02,6.680000000000000000e+02,7.860000000000000000e+02,5.424991360068010948e+01
6.344594001770019531e+00,7.137087756488098194e+02,7.583081021645500641e+02,6.670000000000000000e+02,7.860000000000000000e+02,5.430056103153857805e+01
6.354599952697753906e+00,7.130947157856671765e+02,7.588520440670700964e+02,6.670000000000000000e+02,7.860000000000000000e+02,5.349518048102780909e+01
6.364607572555541992e+00,7.124805974058014044e+02,7.593960378044349682e+02,6.660000000000000000e+02,7.870000000000000000e+02,5.405945490008547694e+01
6.374616146087646484e+00,7.118666545761050202e+02,7.599398760372654351e+02,6.660000000000000000e+02,7.870000000000000000e+02,5.325411074163474723e+01
6.384621858596801758e+00,7.112526824880470713e+02,7.604837401875182650e+02,6.650000000000000000e+02,7.870000000000000000e+02,5.331437584538648622e+01
6.394628047943115234e+00,7.106385494790005168e+02,7.610277468835943182e+02,6.650000000000000000e+02,7.880000000000000000e+02,5.301301384304267827e+01
6.404636859893798828e+00,7.100246066493041326e+02,7.615715851164247852e+02,6.640000000000000000e+02,7.880000000000000000e+02,5.307283232013861607e+01
6.414642572402954102e+00,7.094105321569807074e+02,7.621155399776559989e+02,6.640000000000000000e+02,7.880000000000000000e+02,5.226970156245875643e+01
6.424650430679321289e+00,7.087964722938380646e+02,7.626594818801760312e+02,6.630000000000000000e+02,7.890000000000000000e+02,5.283123857511814947e+01
6.434658050537109375e+00,7.081776179215040656e+02,7.632033201130064981e+02,6.620000000000000000e+02,7.890000000000000000e+02,5.289462250641769003e+01
6.444663763046264648e+00,7.075586308332420913e+02,7.637472749742377118e+02,6.620000000000000000e+02,7.890000000000000000e+02,5.208924039210398860e+01
6.454671621322631836e+00,7.069396437449801169e+02,7.642912298354689256e+02,6.610000000000000000e+02,7.900000000000000000e+02,5.264400944825891315e+01
6.464679479598999023e+00,7.063207303877892400e+02,7.648351199031442320e+02,6.610000000000000000e+02,7.900000000000000000e+02,5.183859366506590050e+01
6.474686145782470703e+00,7.057018465230268021e+02,7.653789840533970619e+02,6.600000000000000000e+02,7.900000000000000000e+02,5.191197551487684336e+01
6.484692335128784180e+00,7.050829184196217057e+02,7.659228870797835498e+02,6.600000000000000000e+02,7.910000000000000000e+02,5.158809092846480837e+01
6.494699239730834961e+00,7.044638870927169592e+02,7.664668808171484216e+02,6.590000000000000000e+02,7.910000000000000000e+02,5.166080686961166890e+01
6.504707813262939453e+00,7.037841308556382955e+02,7.670642385272250294e+02,6.590000000000000000e+02,7.910000000000000000e+02,5.077931718501650238e+01
6.515698194503784180e+00,7.031651732598047602e+02,7.676081674710338802e+02,6.580000000000000000e+02,7.920000000000000000e+02,5.133083254447868882e+01
6.525705575942993164e+00,7.025462451563996638e+02,7.681520704974203682e+02,6.580000000000000000e+02,7.920000000000000000e+02,5.052812780119671743e+01
6.535712480545043945e+00,7.019263290566415208e+02,7.686968417574570367e+02,6.570000000000000000e+02,7.920000000000000000e+02,5.061039642783516257e+01
6.545735359191894531e+00,7.013072387448798963e+02,7.692408873296666343e+02,6.570000000000000000e+02,7.930000000000000000e+02,5.027550934677222472e+01
6.555744886398315430e+00,7.006883843725458973e+02,7.697847255624971012e+02,6.560000000000000000e+02,7.930000000000000000e+02,5.035871985105439563e+01
6.565750598907470703e+00,7.000695005077834594e+02,7.703285897127499311e+02,6.550000000000000000e+02,7.930000000000000000e+02,5.045049772236069430e+01
6.575756788253784180e+00,6.994505281657357045e+02,7.708725316152699634e+02,6.550000000000000000e+02,7.940000000000000000e+02,5.010717761059337505e+01
6.585764408111572266e+00,6.988316148085448276e+02,7.714164216829452698e+02,6.540000000000000000e+02,7.940000000000000000e+02,5.019852284623802063e+01
6.595771074295043945e+00,6.982126129740686338e+02,7.719603895028876650e+02,6.540000000000000000e+02,7.940000000000000000e+02,4.940141270104739135e+01
6.605779170989990234e+00,6.975936258858066594e+02,7.725043443641188787e+02,6.530000000000000000e+02,7.940000000000000000e+02,4.950408751668566509e+01
6.615787029266357422e+00,6.969747715134726604e+02,7.730481825969493457e+02,6.530000000000000000e+02,7.950000000000000000e+02,4.914939284425601329e+01
6.625792741775512695e+00,6.963557696789964666e+02,7.735921504168917409e+02,6.520000000000000000e+02,7.950000000000000000e+02,4.925170380392104619e+01
6.635800838470458984e+00,6.957368120831629312e+02,7.741360793607005917e+02,6.520000000000000000e+02,7.950000000000000000e+02,4.845835238264803735e+01
6.645808219909667969e+00,6.951178839797578348e+02,7.746799823870870796e+02,6.510000000000000000e+02,7.960000000000000000e+02,4.899929425885937917e+01
6.655815124511718750e+00,6.944989411301385189e+02,7.752238983721847490e+02,6.510000000000000000e+02,7.960000000000000000e+02,4.820585315387089054e+01
6.665822267532348633e+00,6.938799540418765446e+02,7.757678532334159627e+02,6.500000000000000000e+02,7.960000000000000000e+02,4.831966607398890545e+01
6.675830125808715820e+00,6.932610259384714482e+02,7.763117562598024506e+02,6.500000000000000000e+02,7.970000000000000000e+02,4.795330848130212331e+01
6.685837030410766602e+00,6.926421273274947907e+02,7.768556333687664619e+02,6.490000000000000000e+02,7.970000000000000000e+02,4.806694066240145702e+01
6.695843458175659180e+00,6.920232139703039138e+02,7.773995234364417684e+02,6.480000000000000000e+02,7.970000000000000000e+02,4.818943919360088302e+01
6.705850124359130859e+00,6.914040794198996309e+02,7.779436078847850240e+02,6.480000000000000000e+02,7.980000000000000000e+02,4.781394121977618283e+01
6.715860366821289062e+00,6.907951932543140856e+02,7.784873165305035627e+02,6.470000000000000000e+02,7.980000000000000000e+02,4.794542489501451143e+01
6.725863695144653320e+00,6.901858717243086403e+02,7.790314139375579998e+02,6.470000000000000000e+02,7.980000000000000000e+02,4.716806943046015022e+01
6.735874176025390625e+00,6.895769710465757498e+02,7.795751355419877200e+02,6.460000000000000000e+02,7.990000000000000000e+02,4.771035280530055189e+01
6.745877742767333984e+00,6.889677656137489521e+02,7.801191292793525918e+02,6.460000000000000000e+02,7.990000000000000000e+02,4.693310304047525250e+01
6.755886316299438477e+00,6.882987991582111817e+02,7.807164869894291996e+02,6.450000000000000000e+02,7.990000000000000000e+02,4.700077506329891719e+01
6.766876697540283203e+00,6.876886939722497800e+02,7.812612841668883448e+02,6.450000000000000000e+02,8.000000000000000000e+02,4.662042539628423299e+01
6.776900053024291992e+00,6.870793434179496444e+02,7.818054074913651448e+02,6.440000000000000000e+02,8.000000000000000000e+02,4.676401421902222211e+01
6.786911010742187500e+00,6.864704427402167539e+02,7.823491290957948650e+02,6.430000000000000000e+02,8.000000000000000000e+02,4.691729569899973029e+01
6.796914577484130859e+00,6.858014037239423715e+02,7.829465515994274938e+02,6.430000000000000000e+02,8.000000000000000000e+02,4.607363956853090770e+01
6.807906150817871094e+00,6.851922853639995310e+02,7.834904675845251631e+02,6.420000000000000000e+02,8.010000000000000000e+02,4.660640771797083914e+01
6.817913293838500977e+00,6.845831670040566905e+02,7.840343835696228325e+02,6.420000000000000000e+02,8.010000000000000000e+02,4.583839278332156653e+01
6.827920436859130859e+00,6.839740486441138501e+02,7.845782995547205019e+02,6.410000000000000000e+02,8.010000000000000000e+02,4.600479434125487188e+01
6.837927579879760742e+00,6.833649447963183547e+02,7.851222025811069898e+02,6.410000000000000000e+02,8.020000000000000000e+02,4.560316429052147669e+01
6.847934484481811523e+00,6.827558119242281691e+02,7.856661315249158406e+02,6.400000000000000000e+02,8.020000000000000000e+02,4.576958283250263548e+01
6.857941865921020508e+00,6.821368838208230727e+02,7.862100345513023285e+02,6.400000000000000000e+02,8.020000000000000000e+02,4.499822204266083503e+01
6.867948770523071289e+00,6.815179409712037568e+02,7.867539505363999979e+02,6.390000000000000000e+02,8.030000000000000000e+02,4.551603484053180182e+01
6.877955913543701172e+00,6.808989981215844409e+02,7.872978665214976672e+02,6.380000000000000000e+02,8.030000000000000000e+02,4.568239305916896598e+01
6.887963056564331055e+00,6.802800552719651250e+02,7.878417825065953366e+02,6.380000000000000000e+02,8.030000000000000000e+02,4.491519376979002942e+01
6.897970199584960938e+00,6.796600359487074456e+02,7.883866444776103890e+02,6.370000000000000000e+02,8.030000000000000000e+02,4.509355637747777479e+01
6.907994747161865234e+00,6.790410636066596908e+02,7.889305863801304213e+02,6.370000000000000000e+02,8.040000000000000000e+02,4.466025364936832176e+01
6.918002367019653320e+00,6.784222387267541308e+02,7.894743986955385253e+02,6.360000000000000000e+02,8.040000000000000000e+02,4.484015423530443911e+01
6.928007602691650391e+00,6.778033106233490344e+02,7.900183017219250132e+02,6.360000000000000000e+02,8.040000000000000000e+02,4.407952660602574468e+01
6.938014507293701172e+00,6.771793366229101139e+02,7.905623213767122479e+02,6.350000000000000000e+02,8.050000000000000000e+02,4.458186853394669669e+01
6.948023557662963867e+00,6.765506741455820929e+02,7.911061466508315334e+02,6.340000000000000000e+02,8.050000000000000000e+02,4.476157985518058524e+01
6.958029031753540039e+00,6.759219217865673954e+02,7.916500496772180213e+02,6.340000000000000000e+02,8.050000000000000000e+02,4.399623506505778892e+01
6.968035936355590820e+00,6.752930495853037201e+02,7.921840767118970916e+02,6.330000000000000000e+02,8.050000000000000000e+02,4.419219312221896701e+01
6.978044748306274414e+00,6.746642373051645336e+02,7.927180528626280420e+02,6.330000000000000000e+02,8.060000000000000000e+02,4.373006734480301816e+01
6.988052606582641602e+00,6.740355149067120237e+02,7.932270094770491369e+02,6.320000000000000000e+02,8.060000000000000000e+02,4.393328806692939992e+01
6.998059034347534180e+00,6.734067176068539311e+02,7.937160697793008239e+02,6.320000000000000000e+02,8.060000000000000000e+02,4.319040639587400676e+01
7.008066654205322266e+00,6.727780701098070040e+02,7.942050135692708182e+02,6.310000000000000000e+02,8.070000000000000000e+02,4.369346426941326200e+01
7.018071889877319336e+00,6.721491829282622348e+02,7.946691748389747545e+02,6.310000000000000000e+02,8.070000000000000000e+02,4.295700763339272754e+01
7.028080940246582031e+00,6.715205653917776090e+02,7.951181736622603466e+02,6.300000000000000000e+02,8.070000000000000000e+02,4.318721046297252997e+01
7.038085699081420898e+00,6.708917680919195163e+02,7.955673008840370812e+02,6.290000000000000000e+02,8.070000000000000000e+02,4.342380502608339299e+01
7.048093318939208984e+00,6.702630307131859126e+02,7.960113965453771243e+02,6.290000000000000000e+02,8.080000000000000000e+02,4.296934158710742224e+01
7.058099985122680664e+00,6.696342633738901213e+02,7.964555133687414354e+02,6.280000000000000000e+02,8.080000000000000000e+02,4.320517397564504591e+01
7.068107128143310547e+00,6.690054660740320287e+02,7.968896728813540449e+02,6.280000000000000000e+02,8.080000000000000000e+02,4.248396893690502907e+01
7.078114748001098633e+00,6.683766987347362374e+02,7.973138337100630224e+02,6.270000000000000000e+02,8.090000000000000000e+02,4.299532161458014912e+01
7.088121891021728516e+00,6.676861077752732854e+02,7.977797002005088416e+02,6.270000000000000000e+02,8.090000000000000000e+02,4.220491077459605833e+01
7.099112987518310547e+00,6.670573254556962866e+02,7.981938928997296898e+02,6.260000000000000000e+02,8.090000000000000000e+02,4.245557589101198914e+01
7.109120368957519531e+00,6.664284981952760063e+02,7.986081152024693210e+02,6.250000000000000000e+02,8.090000000000000000e+02,4.271196240353674511e+01
7.119128465652465820e+00,6.657997458362613088e+02,7.990222881660109806e+02,6.250000000000000000e+02,8.100000000000000000e+02,4.225079191463308348e+01
7.129135370254516602e+00,6.651709635166843100e+02,7.994364808652318288e+02,6.240000000000000000e+02,8.100000000000000000e+02,4.250454297369592638e+01
7.139142751693725586e+00,6.645422111576696125e+02,7.998506538287734884e+02,6.240000000000000000e+02,8.100000000000000000e+02,4.179330225354848238e+01
7.149149656295776367e+00,6.639123802184144552e+02,8.002655372767660538e+02,6.230000000000000000e+02,8.110000000000000000e+02,4.229718129015938644e+01
7.159173727035522461e+00,6.632835978988374563e+02,8.006797299759869020e+02,6.230000000000000000e+02,8.110000000000000000e+02,4.158456724608018362e+01
7.169181108474731445e+00,6.626548305595416650e+02,8.010939128073681559e+02,6.220000000000000000e+02,8.110000000000000000e+02,4.184430440684929664e+01
7.179188251495361328e+00,6.620260782005269675e+02,8.015080857709098154e+02,6.210000000000000000e+02,8.110000000000000000e+02,4.210980323212349674e+01
7.189195156097412109e+00,6.613973258415122700e+02,8.019222587344514750e+02,6.210000000000000000e+02,8.120000000000000000e+02,4.163537923642169147e+01
7.199202060699462891e+00,6.607685734824975725e+02,8.023364316979931345e+02,6.200000000000000000e+02,8.120000000000000000e+02,4.189822354378949143e+01
7.209208965301513672e+00,6.601397911629205737e+02,8.027506243972139828e+02,6.200000000000000000e+02,8.120000000000000000e+02,4.119167128976791048e+01
7.219216346740722656e+00,6.595110388039058762e+02,8.031647973607556423e+02,6.190000000000000000e+02,8.120000000000000000e+02,4.146329787472383543e+01
7.229223251342773438e+00,6.588822714646100849e+02,8.035789801921368962e+02,6.190000000000000000e+02,8.130000000000000000e+02,4.097988764500215808e+01
7.239230394363403320e+00,6.582535490661575750e+02,8.039931334199993671e+02,6.180000000000000000e+02,8.130000000000000000e+02,4.124890129459799226e+01
7.249236822128295898e+00,6.576246768648938996e+02,8.044073853262577813e+02,6.180000000000000000e+02,8.130000000000000000e+02,4.054562915504786957e+01
7.259245634078979492e+00,6.569960593284092738e+02,8.048264572892859405e+02,6.170000000000000000e+02,8.140000000000000000e+02,4.103460305238652239e+01
7.269250392913818359e+00,6.563672170877078997e+02,8.052456790528394777e+02,6.160000000000000000e+02,8.140000000000000000e+02,4.130557287645373066e+01
7.279258728027343750e+00,6.557385246498176912e+02,8.056648009493761720e+02,6.160000000000000000e+02,8.140000000000000000e+02,4.060327430833243056e+01
7.289264678955078125e+00,6.551096824091163171e+02,8.060840227129297091e+02,6.150000000000000000e+02,8.140000000000000000e+02,4.088336237847356358e+01
7.299273014068603516e+00,6.544809000895393183e+02,8.065032045296765091e+02,6.150000000000000000e+02,8.150000000000000000e+02,4.038486108858981538e+01
7.309280395507812500e+00,6.538522226319302035e+02,8.069223164395115191e+02,6.140000000000000000e+02,8.150000000000000000e+02,4.066261944843587628e+01
7.319286108016967773e+00,6.532234552926344122e+02,8.073414882695566348e+02,6.140000000000000000e+02,8.150000000000000000e+02,3.996413701080794567e+01
7.329293251037597656e+00,6.525946430124952258e+02,8.077606900597068034e+02,6.130000000000000000e+02,8.150000000000000000e+02,4.025100450546004538e+01
7.339301109313964844e+00,6.519658307323560393e+02,8.081798918498569719e+02,6.120000000000000000e+02,8.160000000000000000e+02,4.072372426003383339e+01
7.349308967590332031e+00,6.513370484127790405e+02,8.085990736666037719e+02,6.120000000000000000e+02,8.160000000000000000e+02,4.002720435430983059e+01
7.359316349029541016e+00,6.507084009157321134e+02,8.090181656030352997e+02,6.110000000000000000e+02,8.160000000000000000e+02,4.031752863000352960e+01
7.369321584701538086e+00,6.500795736553118331e+02,8.094373773798871525e+02,6.110000000000000000e+02,8.160000000000000000e+02,3.962677242389240462e+01
7.379329681396484375e+00,6.494507014540481578e+02,8.098566191168440582e+02,6.100000000000000000e+02,8.170000000000000000e+02,4.009221539972909909e+01
7.389338493347167969e+00,6.488220239964390430e+02,8.102757310266790682e+02,6.090000000000000000e+02,8.170000000000000000e+02,4.038575724681330570e+01
7.399344205856323242e+00,6.481933015979865331e+02,8.106948728966191311e+02,6.090000000000000000e+02,8.170000000000000000e+02,3.969722305074401447e+01
7.409350633621215820e+00,6.475027106385235811e+02,8.111552598445399553e+02,6.080000000000000000e+02,8.170000000000000000e+02,3.993275767181339120e+01
7.420341730117797852e+00,6.468739432992277898e+02,8.115744316745850711e+02,6.080000000000000000e+02,8.180000000000000000e+02,3.940141362865237085e+01
7.430348873138427734e+00,6.462451759599319985e+02,8.119936035046301868e+02,6.070000000000000000e+02,8.180000000000000000e+02,3.970214899707086431e+01
7.440356016159057617e+00,6.456153899615202363e+02,8.124134544303901748e+02,6.070000000000000000e+02,8.180000000000000000e+02,3.901740423556653070e+01
7.450379371643066406e+00,6.449866076419432375e+02,8.128326362471369748e+02,6.060000000000000000e+02,8.180000000000000000e+02,3.932756315335631569e+01
7.460386753082275391e+00,6.442960166824802855e+02,8.132930231950577991e+02,6.050000000000000000e+02,8.190000000000000000e+02,3.970826754420188820e+01
7.471377849578857422e+00,6.436672193826221928e+02,8.137122149985062833e+02,6.050000000000000000e+02,8.190000000000000000e+02,3.902709987951776327e+01
7.481385469436645508e+00,6.430384670236074953e+02,8.141313768418497148e+02,6.040000000000000000e+02,8.190000000000000000e+02,3.934088711518040071e+01
7.491392374038696289e+00,6.424097146645927978e+02,8.145505386851931462e+02,6.040000000000000000e+02,8.190000000000000000e+02,3.866657324624717518e+01
7.501399278640747070e+00,6.417798687450565467e+02,8.149704295577599851e+02,6.030000000000000000e+02,8.200000000000000000e+02,3.910466466698401433e+01
7.511423587799072266e+00,6.411510564649173602e+02,8.153896313479101536e+02,6.020000000000000000e+02,8.200000000000000000e+02,3.942157685110173304e+01
7.521431446075439453e+00,6.405223939875893393e+02,8.158087332710433657e+02,6.020000000000000000e+02,8.200000000000000000e+02,3.874972974522942337e+01
7.531436920166015625e+00,6.398935367666067577e+02,8.162279650212985871e+02,6.010000000000000000e+02,8.200000000000000000e+02,3.907602142101903553e+01
7.541445493698120117e+00,6.392647544470297589e+02,8.166471468380453871e+02,6.010000000000000000e+02,8.210000000000000000e+02,3.851154065395231640e+01
7.551452875137329102e+00,6.386360320485772490e+02,8.170662887079854499e+02,6.000000000000000000e+02,8.210000000000000000e+02,3.883577032823747999e+01
7.561459302902221680e+00,6.380072197684380626e+02,8.174854904981356185e+02,5.990000000000000000e+02,8.210000000000000000e+02,3.916522655496735439e+01
7.571467161178588867e+00,6.373785572911100417e+02,8.179045924212688305e+02,5.990000000000000000e+02,8.210000000000000000e+02,3.850318438552169908e+01
7.581472635269165039e+00,6.367497300306897614e+02,8.183238041981206834e+02,5.980000000000000000e+02,8.210000000000000000e+02,3.884203395062282738e+01
7.591480731964111328e+00,6.361209776716750639e+02,8.187429660414641148e+02,5.980000000000000000e+02,8.220000000000000000e+02,3.825986420325357784e+01
7.601487636566162109e+00,6.354921803718169713e+02,8.191621578449125991e+02,5.970000000000000000e+02,8.220000000000000000e+02,3.859664879071345922e+01
7.611495256423950195e+00,6.348634280128022738e+02,8.195813196882560305e+02,5.970000000000000000e+02,8.220000000000000000e+02,3.794060088257798924e+01
7.621502161026000977e+00,6.342346606735064825e+02,8.200004915183011462e+02,5.960000000000000000e+02,8.220000000000000000e+02,3.828690782743585430e+01
7.631509304046630859e+00,6.336058633736483898e+02,8.204196833217496305e+02,5.950000000000000000e+02,8.230000000000000000e+02,3.869199815187712943e+01
7.641516923904418945e+00,6.329771409751958799e+02,8.208388251916896934e+02,5.950000000000000000e+02,8.230000000000000000e+02,3.803858453205083379e+01
7.651523351669311523e+00,6.323483286950566935e+02,8.212580269818398619e+02,5.940000000000000000e+02,8.230000000000000000e+02,3.838787287282412564e+01
7.661531209945678711e+00,6.317195913163230898e+02,8.216771788384816091e+02,5.940000000000000000e+02,8.230000000000000000e+02,3.774277977170994092e+01
7.671537876129150391e+00,6.310908389573083923e+02,8.220664074030145230e+02,5.930000000000000000e+02,8.240000000000000000e+02,3.813988454102502601e+01
7.681544780731201172e+00,6.304621465194181837e+02,8.224555988734308585e+02,5.920000000000000000e+02,8.240000000000000000e+02,3.849314081392866171e+01
7.691550731658935547e+00,6.298333042787168097e+02,8.228448830791385262e+02,5.920000000000000000e+02,8.240000000000000000e+02,3.785093404061294819e+01
7.701559066772460938e+00,6.292045519197021122e+02,8.232341116436714401e+02,5.910000000000000000e+02,8.240000000000000000e+02,3.821222804757103120e+01
7.711565971374511719e+00,6.285757845804063209e+02,8.236233494817334986e+02,5.910000000000000000e+02,8.240000000000000000e+02,3.757767225954811607e+01
7.721573114395141602e+00,6.279470921425161123e+02,8.240125409521498341e+02,5.900000000000000000e+02,8.250000000000000000e+02,3.795993779557323222e+01
7.731579065322875977e+00,6.273182049609713431e+02,8.244018529784448219e+02,5.900000000000000000e+02,8.250000000000000000e+02,3.732299829017574666e+01
7.741588115692138672e+00,6.266894226413943443e+02,8.247911000900359113e+02,5.890000000000000000e+02,8.250000000000000000e+02,3.769000156824129988e+01
7.751595497131347656e+00,6.260607002429418344e+02,8.251803101075105360e+02,5.880000000000000000e+02,8.250000000000000000e+02,3.806112734428583622e+01
7.761601924896240234e+00,6.253701542243222775e+02,8.256077919796937294e+02,5.880000000000000000e+02,8.260000000000000000e+02,3.737221232253751424e+01
7.772592306137084961e+00,6.247413868850264862e+02,8.259970298177557879e+02,5.870000000000000000e+02,8.260000000000000000e+02,3.774138700190060547e+01
7.782599449157714844e+00,6.241126195457306949e+02,8.263862676558178464e+02,5.870000000000000000e+02,8.260000000000000000e+02,3.711462962563526702e+01
7.792606592178344727e+00,6.234838522064349036e+02,8.267755054938799049e+02,5.860000000000000000e+02,8.260000000000000000e+02,3.749187358621722410e+01
7.802613735198974609e+00,6.228550848671391122e+02,8.271647433319419633e+02,5.850000000000000000e+02,8.260000000000000000e+02,3.787299931782018092e+01
7.812620878219604492e+00,6.222263325081244147e+02,8.275539718964748772e+02,5.850000000000000000e+02,8.270000000000000000e+02,3.723045415875992603e+01
7.822627782821655273e+00,6.215975501885474159e+02,8.279432190080659666e+02,5.840000000000000000e+02,8.270000000000000000e+02,3.760937971141665770e+01
7.832635164260864258e+00,6.209687828492516246e+02,8.283324568461280251e+02,5.840000000000000000e+02,8.270000000000000000e+02,3.699278776466994856e+01
7.842642307281494141e+00,6.203400304902369271e+02,8.287216854106609389e+02,5.830000000000000000e+02,8.270000000000000000e+02,3.737970141219838638e+01
7.852649211883544922e+00,6.197112631509411358e+02,8.291109232487229974e+02,5.820000000000000000e+02,8.270000000000000000e+02,3.777029739625476878e+01
7.862656354904174805e+00,6.190824958116453445e+02,8.295001610867850559e+02,5.820000000000000000e+02,8.280000000000000000e+02,3.711282768675810217e+01
7.872663497924804688e+00,6.184537284723495532e+02,8.298893989248471144e+02,5.810000000000000000e+02,8.280000000000000000e+02,3.750135470589964370e+01
7.882670640945434570e+00,6.178249611330537618e+02,8.302786367629091728e+02,5.810000000000000000e+02,8.280000000000000000e+02,3.689539196089670270e+01
7.892677783966064453e+00,6.171961937937579705e+02,8.306529076049796458e+02,5.800000000000000000e+02,8.280000000000000000e+02,3.729067915047080106e+01
7.902684926986694336e+00,6.165674264544621792e+02,8.310271784470501188e+02,5.790000000000000000e+02,8.280000000000000000e+02,3.768919393886939417e+01
7.912692070007324219e+00,6.159386591151663879e+02,8.313864631046726572e+02,5.790000000000000000e+02,8.290000000000000000e+02,3.701566889003127159e+01
7.922699213027954102e+00,6.153088731167546257e+02,8.317313385915958861e+02,5.780000000000000000e+02,8.290000000000000000e+02,3.740871855255184641e+01
7.932722568511962891e+00,6.146801207577399282e+02,8.320756480499137524e+02,5.780000000000000000e+02,8.290000000000000000e+02,3.680884227640584072e+01
7.942729473114013672e+00,6.140512635367573466e+02,8.324200149314234523e+02,5.770000000000000000e+02,8.290000000000000000e+02,3.720877089882711886e+01
7.952738046646118164e+00,6.134225860791482319e+02,8.327642833731757719e+02,5.760000000000000000e+02,8.290000000000000000e+02,3.761143148252704549e+01
7.962743759155273438e+00,6.127307667366337682e+02,8.331431287797333880e+02,5.760000000000000000e+02,8.300000000000000000e+02,3.686500350721521357e+01
7.973754405975341797e+00,6.121021042593057473e+02,8.335073416846893224e+02,5.750000000000000000e+02,8.300000000000000000e+02,3.726751381782199246e+01
7.983759880065917969e+00,6.114732170777609781e+02,8.338716847710676348e+02,5.750000000000000000e+02,8.300000000000000000e+02,3.667813390792928629e+01
7.993768930435180664e+00,6.108444047976217917e+02,8.342309951083883561e+02,5.740000000000000000e+02,8.300000000000000000e+02,3.708654047627281614e+01
8.003776788711547852e+00,6.102156973794503756e+02,8.345852570031978530e+02,5.730000000000000000e+02,8.300000000000000000e+02,3.749710273106716585e+01
8.013782978057861328e+00,6.095870648626845423e+02,8.349394766928207900e+02,5.730000000000000000e+02,8.310000000000000000e+02,3.679854333909922559e+01
8.023787975311279297e+00,6.089582525825453558e+02,8.352838189643911164e+02,5.720000000000000000e+02,8.310000000000000000e+02,3.720569229129996103e+01
8.033795833587646484e+00,6.083295152038117521e+02,8.356281202193958961e+02,5.720000000000000000e+02,8.310000000000000000e+02,3.662312345648812340e+01
8.043802499771118164e+00,6.077007478645159608e+02,8.359425038890437918e+02,5.710000000000000000e+02,8.310000000000000000e+02,3.703205690355297719e+01
8.053809642791748047e+00,6.070720704069068461e+02,8.361520694368180102e+02,5.700000000000000000e+02,8.310000000000000000e+02,3.742836122162514556e+01
8.063815355300903320e+00,6.064432880873298473e+02,8.363616699396482090e+02,5.700000000000000000e+02,8.320000000000000000e+02,3.670337057108717715e+01
8.073822736740112305e+00,6.058144758071906608e+02,8.364365486480559184e+02,5.690000000000000000e+02,8.320000000000000000e+02,3.708083862137954867e+01
8.083830595016479492e+00,6.051857683890192448e+02,8.365263804391898930e+02,5.690000000000000000e+02,8.320000000000000000e+02,3.646776595548492139e+01
8.093836784362792969e+00,6.045569860694422459e+02,8.366162229324839927e+02,5.680000000000000000e+02,8.320000000000000000e+02,3.684728951556390797e+01
8.103844165802001953e+00,6.039282337104275484e+02,8.367060611449139742e+02,5.670000000000000000e+02,8.320000000000000000e+02,3.722689157681080019e+01
8.113851070404052734e+00,6.032994663711317571e+02,8.367959014977759580e+02,5.670000000000000000e+02,8.330000000000000000e+02,3.649739890745288307e+01
8.123858213424682617e+00,6.026706840515547583e+02,8.367860767740326082e+02,5.660000000000000000e+02,8.330000000000000000e+02,3.686561332933200674e+01
8.133865594863891602e+00,6.020418268305721767e+02,8.367762508799547732e+02,5.660000000000000000e+02,8.330000000000000000e+02,3.623911356522550875e+01
8.143874168395996094e+00,6.014131343926819682e+02,8.367664275606127831e+02,5.650000000000000000e+02,8.330000000000000000e+02,3.660740816923348007e+01
8.153880119323730469e+00,6.007225134726568285e+02,8.367502411327997152e+02,5.640000000000000000e+02,8.330000000000000000e+02,3.691351113486232549e+01
8.164871692657470703e+00,6.000927424545261601e+02,8.367354808745623131e+02,5.640000000000000000e+02,8.330000000000000000e+02,3.628553258880150167e+01
8.174894809722900391e+00,5.994639751152303688e+02,8.367207441400476000e+02,5.630000000000000000e+02,8.340000000000000000e+02,3.656533781984986575e+01
8.184901952743530273e+00,5.988351029139666934e+02,8.367307429931011029e+02,5.630000000000000000e+02,8.340000000000000000e+02,3.593899773434082334e+01
8.194910764694213867e+00,5.982063805155141836e+02,8.367407394643411180e+02,5.620000000000000000e+02,8.340000000000000000e+02,3.630996616420348033e+01
8.204917192459106445e+00,5.975776730973427675e+02,8.367507356973998185e+02,5.610000000000000000e+02,8.340000000000000000e+02,3.668095849474250514e+01
8.214923381805419922e+00,5.969488308566413934e+02,8.367607340740906920e+02,5.610000000000000000e+02,8.340000000000000000e+02,3.605468197872860969e+01
8.224931716918945312e+00,5.963200185765022070e+02,8.367707319744188226e+02,5.600000000000000000e+02,8.350000000000000000e+02,3.636315774410542900e+01
8.234939575195312500e+00,5.956913111583307909e+02,8.367807282074775230e+02,5.590000000000000000e+02,8.350000000000000000e+02,3.673449751209829373e+01
8.244945764541625977e+00,5.950625438190349996e+02,8.367907253932615959e+02,5.590000000000000000e+02,8.350000000000000000e+02,3.610697666842089859e+01
8.254952907562255859e+00,5.944337614994580008e+02,8.368007228172269834e+02,5.580000000000000000e+02,8.350000000000000000e+02,3.647823432766271168e+01
8.264960289001464844e+00,5.938050540812865847e+02,8.368107190502856838e+02,5.580000000000000000e+02,8.350000000000000000e+02,3.585081032895804043e+01
8.274966478347778320e+00,5.931762867419907934e+02,8.368207162360697566e+02,5.570000000000000000e+02,8.350000000000000000e+02,3.622207517593417947e+01
8.284973621368408203e+00,5.925475643435382835e+02,8.368307127073097718e+02,5.560000000000000000e+02,8.360000000000000000e+02,3.655700402176246655e+01
8.294980049133300781e+00,5.919187970042424922e+02,8.368208882176332963e+02,5.560000000000000000e+02,8.360000000000000000e+02,3.592817606973430600e+01
8.304987192153930664e+00,5.912899547635411182e+02,8.368110625576223356e+02,5.550000000000000000e+02,8.360000000000000000e+02,3.629901705573082893e+01
8.314995527267456055e+00,5.906612623256509096e+02,8.368012392382803455e+02,5.550000000000000000e+02,8.360000000000000000e+02,3.567026233399256796e+01
8.325001478195190430e+00,5.900324800060739108e+02,8.367914145145369957e+02,5.540000000000000000e+02,8.360000000000000000e+02,3.604117024073907771e+01
8.335008859634399414e+00,5.894036976864969120e+02,8.367815897907936460e+02,5.530000000000000000e+02,8.360000000000000000e+02,3.641208711198704862e+01
8.345016241073608398e+00,5.887131217073150538e+02,8.367707995411188904e+02,5.530000000000000000e+02,8.370000000000000000e+02,3.571385718361780448e+01
8.356007099151611328e+00,5.880843543680192624e+02,8.367609750514424150e+02,5.520000000000000000e+02,8.370000000000000000e+02,3.608514601720247583e+01
8.366014242172241211e+00,5.874555720484422636e+02,8.367511503276990652e+02,5.520000000000000000e+02,8.370000000000000000e+02,3.545644533003392240e+01
8.376021623611450195e+00,5.868268196894275661e+02,8.367413260720894641e+02,5.510000000000000000e+02,8.370000000000000000e+02,3.582775350562375394e+01
8.386028528213500977e+00,5.861980523501317748e+02,8.367315015824129887e+02,5.500000000000000000e+02,8.370000000000000000e+02,3.619904812758378654e+01
8.396035671234130859e+00,5.855692999911170773e+02,8.367216773268033876e+02,5.500000000000000000e+02,8.370000000000000000e+02,3.557038888413362088e+01
8.406042575836181641e+00,5.849405176715400785e+02,8.367118526030600378e+02,5.490000000000000000e+02,8.380000000000000000e+02,3.596359456748626826e+01
8.416049957275390625e+00,5.843117503322442872e+02,8.367020281133835624e+02,5.480000000000000000e+02,8.380000000000000000e+02,3.633494107893515945e+01
8.426057100296020508e+00,5.836829829929484958e+02,8.366922036237070870e+02,5.480000000000000000e+02,8.380000000000000000e+02,3.570694059474847393e+01
8.436064243316650391e+00,5.830542156536527045e+02,8.366872913788688493e+02,5.470000000000000000e+02,8.380000000000000000e+02,3.607810513766053617e+01
8.446071386337280273e+00,5.824254632946380070e+02,8.366823792510640487e+02,5.470000000000000000e+02,8.380000000000000000e+02,3.544995873167938072e+01
8.456078290939331055e+00,5.817956323553828497e+02,8.366774586968510903e+02,5.460000000000000000e+02,8.380000000000000000e+02,3.582005599130557272e+01
8.466102361679077148e+00,5.811668949766492460e+02,8.366725466860797269e+02,5.450000000000000000e+02,8.380000000000000000e+02,3.619124789990826230e+01
8.476109027862548828e+00,5.805380826965100596e+02,8.366676340901411777e+02,5.450000000000000000e+02,8.390000000000000000e+02,3.561453709486421815e+01
8.486116886138916016e+00,5.799093003769330608e+02,8.366627217282695028e+02,5.440000000000000000e+02,8.390000000000000000e+02,3.598528481588423489e+01
8.496124267578125000e+00,5.792805330376372694e+02,8.366578094834312651e+02,5.440000000000000000e+02,8.390000000000000000e+02,3.535819378638732502e+01
8.506131410598754883e+00,5.786517207574980830e+02,8.366528968874927159e+02,5.430000000000000000e+02,8.390000000000000000e+02,3.572889707213701627e+01
8.516139268875122070e+00,5.780230283196078744e+02,8.366479852278216640e+02,5.420000000000000000e+02,8.390000000000000000e+02,3.609973050874224754e+01
8.526145219802856445e+00,5.773943059211553646e+02,8.366430733340837378e+02,5.420000000000000000e+02,8.390000000000000000e+02,3.547269365228471827e+01
8.536151647567749023e+00,5.767654487001727830e+02,8.366381603870447634e+02,5.410000000000000000e+02,8.390000000000000000e+02,3.584334815669451046e+01
8.546160221099853516e+00,5.761366963411580855e+02,8.366332482592399629e+02,5.410000000000000000e+02,8.400000000000000000e+02,3.529762664903495306e+01
8.556167125701904297e+00,5.755080039032678769e+02,8.366283365995689110e+02,5.400000000000000000e+02,8.400000000000000000e+02,3.566772287769845207e+01
8.566173076629638672e+00,5.748791317020042015e+02,8.366234235354964994e+02,5.390000000000000000e+02,8.400000000000000000e+02,3.603766585546852497e+01
8.576181888580322266e+00,5.742503943232705979e+02,8.366185115247251360e+02,5.390000000000000000e+02,8.400000000000000000e+02,3.541221207796096593e+01
8.586188554763793945e+00,5.736214921614447348e+02,8.366135982265858502e+02,5.380000000000000000e+02,8.400000000000000000e+02,3.578209637205247873e+01
8.596197843551635742e+00,5.729929495263656918e+02,8.366086877372492836e+02,5.370000000000000000e+02,8.400000000000000000e+02,3.615236388496596476e+01
8.606201410293579102e+00,5.723639874434153398e+02,8.366037739709762491e+02,5.370000000000000000e+02,8.400000000000000000e+02,3.552669361393283509e+01
8.616211652755737305e+00,5.717351601829950596e+02,8.365988612580042627e+02,5.360000000000000000e+02,8.410000000000000000e+02,3.600516206782870654e+01
8.626219749450683594e+00,5.711064977056670386e+02,8.365939498324000851e+02,5.360000000000000000e+02,8.410000000000000000e+02,3.538190864322348261e+01
8.636225223541259766e+00,5.704777603269334350e+02,8.365890378216287218e+02,5.350000000000000000e+02,8.410000000000000000e+02,3.575091698340553137e+01
8.646231889724731445e+00,5.698490379284809251e+02,8.365841259278907955e+02,5.340000000000000000e+02,8.410000000000000000e+02,3.611998704621016287e+01
8.656238317489624023e+00,5.692202855694662276e+02,8.365792138000859950e+02,5.340000000000000000e+02,8.410000000000000000e+02,3.549664584464426298e+01
8.666245222091674805e+00,5.685914133682025522e+02,8.365743007360135834e+02,5.330000000000000000e+02,8.410000000000000000e+02,3.586551992543140699e+01
8.676254034042358398e+00,5.679628257922801140e+02,8.365693898955767054e+02,5.330000000000000000e+02,8.410000000000000000e+02,3.524243881003052081e+01
8.686258316040039062e+00,5.673339685712975324e+02,8.365644769485377310e+02,5.320000000000000000e+02,8.420000000000000000e+02,3.574960483474495021e+01
8.696266889572143555e+00,5.667052311925639287e+02,8.365644769485377310e+02,5.310000000000000000e+02,8.420000000000000000e+02,3.611659515177777280e+01
8.706273555755615234e+00,5.660764488729869299e+02,8.365644769485377310e+02,5.310000000000000000e+02,8.420000000000000000e+02,3.549510073773905816e+01
8.716280937194824219e+00,5.654476665534099311e+02,8.365644769485377310e+02,5.300000000000000000e+02,8.420000000000000000e+02,3.586198509459166672e+01
8.726288318634033203e+00,5.648188992141141398e+02,8.365644769485377310e+02,5.290000000000000000e+02,8.420000000000000000e+02,3.622897254620733065e+01
8.736295461654663086e+00,5.641901917959427237e+02,8.365644769485377310e+02,5.290000000000000000e+02,8.420000000000000000e+02,3.560750636422343263e+01
8.746301651000976562e+00,5.635613795158035373e+02,8.365644769485377310e+02,5.280000000000000000e+02,8.420000000000000000e+02,3.597438844386363144e+01
8.756309509277343750e+00,5.629326121765077460e+02,8.365644961369940802e+02,5.280000000000000000e+02,8.420000000000000000e+02,3.535296445447042402e+01
8.766316652297973633e+00,5.623039347188986312e+02,8.365645153227075070e+02,5.270000000000000000e+02,8.430000000000000000e+02,3.588569728551923532e+01
8.776322364807128906e+00,5.616751823598839337e+02,8.365894789097154671e+02,5.260000000000000000e+02,8.430000000000000000e+02,3.624656421041802190e+01
8.786329269409179688e+00,5.610462502374957694e+02,8.366144496339350098e+02,5.260000000000000000e+02,8.430000000000000000e+02,3.562323552383647751e+01
8.796339035034179688e+00,5.604176327010111436e+02,8.366394078680343682e+02,5.250000000000000000e+02,8.430000000000000000e+02,3.598424430793228623e+01
8.806343793869018555e+00,5.597888653617153523e+02,8.366643720498100265e+02,5.250000000000000000e+02,8.430000000000000000e+02,3.536107089270327464e+01
8.816350936889648438e+00,5.591600980224195609e+02,8.366893362315856848e+02,5.240000000000000000e+02,8.430000000000000000e+02,3.572193961900905634e+01
8.826358079910278320e+00,5.585313456634048634e+02,8.366844241037808843e+02,5.230000000000000000e+02,8.430000000000000000e+02,3.608826711762790751e+01
8.836364984512329102e+00,5.579024884424222819e+02,8.366795111567419099e+02,5.230000000000000000e+02,8.430000000000000000e+02,3.547016039844154989e+01
8.846373558044433594e+00,5.572737360834075844e+02,8.366745990289371093e+02,5.220000000000000000e+02,8.430000000000000000e+02,3.583639427630259888e+01
8.856380462646484375e+00,5.566449687441117931e+02,8.366696867840988716e+02,5.210000000000000000e+02,8.440000000000000000e+02,3.639089568301282185e+01
8.866387605667114258e+00,5.559534040663762653e+02,8.366696867840988716e+02,5.210000000000000000e+02,8.440000000000000000e+02,3.571377812092391224e+01
8.877394199371337891e+00,5.553245168848314961e+02,8.366696867840988716e+02,5.200000000000000000e+02,8.440000000000000000e+02,3.607707007213807060e+01
8.887403249740600586e+00,5.546328623254092918e+02,8.366696867840988716e+02,5.200000000000000000e+02,8.440000000000000000e+02,3.540012209998673143e+01
8.898411273956298828e+00,5.540041099663945943e+02,8.366696867840988716e+02,5.190000000000000000e+02,8.440000000000000000e+02,3.576340596731049715e+01
8.908418178558349609e+00,5.533754474890665733e+02,8.366696867840988716e+02,5.180000000000000000e+02,8.440000000000000000e+02,3.612693976653601169e+01
8.918423652648925781e+00,5.527466352089273869e+02,8.366696867840988716e+02,5.180000000000000000e+02,8.440000000000000000e+02,3.551143689271791715e+01
8.928431510925292969e+00,5.521178379090692943e+02,8.366696867840988716e+02,5.170000000000000000e+02,8.440000000000000000e+02,3.587472691534918567e+01
8.938439130783081055e+00,5.514890705697735029e+02,8.366696867840988716e+02,5.160000000000000000e+02,8.440000000000000000e+02,3.623820665747103931e+01
8.948446273803710938e+00,5.508603931121643882e+02,8.366696867840988716e+02,5.160000000000000000e+02,8.450000000000000000e+02,3.584189066176134730e+01
8.958451986312866211e+00,5.502315658517441079e+02,8.366696867840988716e+02,5.150000000000000000e+02,8.450000000000000000e+02,3.620300195620244921e+01
8.968460083007812500e+00,5.496028734138538994e+02,8.366696867840988716e+02,5.150000000000000000e+02,8.450000000000000000e+02,3.559147323124197726e+01
8.978466033935546875e+00,5.489112188544316950e+02,8.366696867840988716e+02,5.140000000000000000e+02,8.450000000000000000e+02,3.589132653130898376e+01
8.989474058151245117e+00,5.482823466531680197e+02,8.366696867840988716e+02,5.130000000000000000e+02,8.450000000000000000e+02,3.625242203811124142e+01
8.999482870101928711e+00,5.476536242547155098e+02,8.366696867840988716e+02,5.130000000000000000e+02,8.450000000000000000e+02,3.564081638040891420e+01
9.009489297866821289e+00,5.470249168365440937e+02,8.366696867840988716e+02,5.120000000000000000e+02,8.450000000000000000e+02,3.600192936054742887e+01
9.019495487213134766e+00,5.463960745958427196e+02,8.366696867840988716e+02,5.110000000000000000e+02,8.450000000000000000e+02,3.636311613530225628e+01
9.029503822326660156e+00,5.457044499969827029e+02,8.366696867840988716e+02,5.110000000000000000e+02,8.450000000000000000e+02,3.569023631006230346e+01
9.040511369705200195e+00,5.450757275985301931e+02,8.366696867840988716e+02,5.100000000000000000e+02,8.450000000000000000e+02,3.605136314817110588e+01
9.050517797470092773e+00,5.444469003381099128e+02,8.366696867840988716e+02,5.090000000000000000e+02,8.460000000000000000e+02,3.665429699621472537e+01
9.060525894165039062e+00,5.438180880579707264e+02,8.366696867840988716e+02,5.090000000000000000e+02,8.460000000000000000e+02,3.604655324326339638e+01
9.070533752441406250e+00,5.431892607975504461e+02,8.366696867840988716e+02,5.080000000000000000e+02,8.460000000000000000e+02,3.640520320208143090e+01
9.080541849136352539e+00,5.425605533793790300e+02,8.366696867840988716e+02,5.080000000000000000e+02,8.460000000000000000e+02,3.579785740230449420e+01
9.090548038482666016e+00,5.419318459612076140e+02,8.366696867840988716e+02,5.070000000000000000e+02,8.460000000000000000e+02,3.615644627123019461e+01
9.100554227828979492e+00,5.413030936021929165e+02,8.366696867840988716e+02,5.060000000000000000e+02,8.460000000000000000e+02,3.651524561867294238e+01
9.110561132431030273e+00,5.406743262628971252e+02,8.366696867840988716e+02,5.060000000000000000e+02,8.460000000000000000e+02,3.590771012599740430e+01
9.120568275451660156e+00,5.399827016640371085e+02,8.366696867840988716e+02,5.050000000000000000e+02,8.460000000000000000e+02,3.620558189591549336e+01
9.131575822830200195e+00,5.393539642853035048e+02,8.366696867840988716e+02,5.040000000000000000e+02,8.460000000000000000e+02,3.656442992025631611e+01
9.141582489013671875e+00,5.387251370248832245e+02,8.366696867840988716e+02,5.040000000000000000e+02,8.460000000000000000e+02,3.595677802728902606e+01
9.151590585708618164e+00,5.380963247447440381e+02,8.366696867840988716e+02,5.030000000000000000e+02,8.460000000000000000e+02,3.631537904656031657e+01
9.161598443984985352e+00,5.374676472871349233e+02,8.366696867840988716e+02,5.030000000000000000e+02,8.470000000000000000e+02,3.598241349116205612e+01
9.171604156494140625e+00,5.368388050464335493e+02,8.366696867840988716e+02,5.020000000000000000e+02,8.470000000000000000e+02,3.633810270503985862e+01
9.181612491607666016e+00,5.361472104081358339e+02,8.366696867840988716e+02,5.010000000000000000e+02,8.470000000000000000e+02,3.663388828137676256e+01
9.192619562149047852e+00,5.355185179702456253e+02,8.366696867840988716e+02,5.010000000000000000e+02,8.470000000000000000e+02,3.603114561044085917e+01
9.202625513076782227e+00,5.348895858478574610e+02,8.366696867840988716e+02,5.000000000000000000e+02,8.470000000000000000e+02,3.638679117171005828e+01
9.212635278701782227e+00,5.342609832916539290e+02,8.366696867840988716e+02,4.990000000000000000e+02,8.470000000000000000e+02,3.674305803594631215e+01
9.222639799118041992e+00,5.336319612875790881e+02,8.366896700576047579e+02,4.990000000000000000e+02,8.470000000000000000e+02,3.613413408600555243e+01
9.232650995254516602e+00,5.329404115901246541e+02,8.367116397608228908e+02,4.980000000000000000e+02,8.470000000000000000e+02,3.642365602871844743e+01
9.243657350540161133e+00,5.323116292705476553e+02,8.367316154198401819e+02,4.970000000000000000e+02,8.470000000000000000e+02,3.677432370046609122e+01
9.253664731979370117e+00,5.316829667932196344e+02,8.367515872716131753e+02,4.970000000000000000e+02,8.470000000000000000e+02,3.616542753834021795e+01
9.263670206069946289e+00,5.310541844736426356e+02,8.367715629306304663e+02,4.960000000000000000e+02,8.470000000000000000e+02,3.651597970744070665e+01
9.273677587509155273e+00,5.304252972920978664e+02,8.367915419209865604e+02,4.960000000000000000e+02,8.470000000000000000e+02,3.590701477427906951e+01
9.283686637878417969e+00,5.297966947358943344e+02,8.367965487955949584e+02,4.950000000000000000e+02,8.470000000000000000e+02,3.626183091107909462e+01
9.293691158294677734e+00,5.291678375149117528e+02,8.368015576986307451e+02,4.940000000000000000e+02,8.480000000000000000e+02,3.690774858281564974e+01
9.303699731826782227e+00,5.285392199784271270e+02,8.368015768825155192e+02,4.940000000000000000e+02,8.480000000000000000e+02,3.630926048594752586e+01
9.313704490661621094e+00,5.279103777377257529e+02,8.368015960732577696e+02,4.930000000000000000e+02,8.480000000000000000e+02,3.666249751854302730e+01
9.323712825775146484e+00,5.272815804378676603e+02,8.368016152626285020e+02,4.920000000000000000e+02,8.480000000000000000e+02,3.701612809195366083e+01
9.333720445632934570e+00,5.266528280788529628e+02,8.368016344506277164e+02,4.920000000000000000e+02,8.480000000000000000e+02,3.641732945782691644e+01
9.343727350234985352e+00,5.260241656015249418e+02,8.368016536358840085e+02,4.910000000000000000e+02,8.480000000000000000e+02,3.677084629667574944e+01
9.353732824325561523e+00,5.253953832819479430e+02,8.368016728247976062e+02,4.910000000000000000e+02,8.480000000000000000e+02,3.617243318654386997e+01
9.363740205764770508e+00,5.247666009623709442e+02,8.368016920137112038e+02,4.900000000000000000e+02,8.480000000000000000e+02,3.652558889645055018e+01
9.373747587203979492e+00,5.241377886822317578e+02,8.368017112035390710e+02,4.890000000000000000e+02,8.480000000000000000e+02,3.687907083219582205e+01
9.383755445480346680e+00,5.235090513034981541e+02,8.368017303910811506e+02,4.890000000000000000e+02,8.480000000000000000e+02,3.628051631525525522e+01
9.393762111663818359e+00,5.228802390233589676e+02,8.368017495809090178e+02,4.880000000000000000e+02,8.480000000000000000e+02,3.663375338093716493e+01
9.403769969940185547e+00,5.222515465854687591e+02,8.368017687670795794e+02,4.870000000000000000e+02,8.480000000000000000e+02,3.698745624415699496e+01
9.413775920867919922e+00,5.216226743842050837e+02,8.368017879587360994e+02,4.870000000000000000e+02,8.480000000000000000e+02,3.638859071791319622e+01
9.423784732818603516e+00,5.209939819463148751e+02,8.368018071449066611e+02,4.860000000000000000e+02,8.480000000000000000e+02,3.674205078216068898e+01
9.433790683746337891e+00,5.203651696661756887e+02,8.368018263347345282e+02,4.860000000000000000e+02,8.480000000000000000e+02,3.614365752967575673e+01
9.443798542022705078e+00,5.197364023268798974e+02,8.368018455231908774e+02,4.850000000000000000e+02,8.480000000000000000e+02,3.649679863085729892e+01
9.453805685043334961e+00,5.191076349875841061e+02,8.368018647116472266e+02,4.840000000000000000e+02,8.490000000000000000e+02,3.716638990989569891e+01
9.463812828063964844e+00,5.184788976088505024e+02,8.368018838991893062e+02,4.840000000000000000e+02,8.490000000000000000e+02,3.657305588449581535e+01
9.473819494247436523e+00,5.178501901906790863e+02,8.368019030858170026e+02,4.830000000000000000e+02,8.490000000000000000e+02,3.692328973228557487e+01
9.483825683593750000e+00,5.172212880288532233e+02,8.368019222783879059e+02,4.820000000000000000e+02,8.490000000000000000e+02,3.727374720247387074e+01
9.493834972381591797e+00,5.165925806106818072e+02,8.368019414650156023e+02,4.820000000000000000e+02,8.490000000000000000e+02,3.668022989744508777e+01
9.503841161727905273e+00,5.159638881727915987e+02,8.368019606511861639e+02,4.810000000000000000e+02,8.490000000000000000e+02,3.703060410140086844e+01
9.513847112655639648e+00,5.153351208334958073e+02,8.368019798396425131e+02,4.810000000000000000e+02,8.490000000000000000e+02,3.643751114556598480e+01
9.523854255676269531e+00,5.147063534942000160e+02,8.367921553499660376e+02,4.800000000000000000e+02,8.490000000000000000e+02,3.679079292246543531e+01
9.533861398696899414e+00,5.140775262337797358e+02,8.367823299240219512e+02,4.790000000000000000e+02,8.490000000000000000e+02,3.714437115858815019e+01
9.543869495391845703e+00,5.134486839930783617e+02,8.367725042640109905e+02,4.790000000000000000e+02,8.490000000000000000e+02,3.655439071888085323e+01
9.553877830505371094e+00,5.128200065354692470e+02,8.367626811787358747e+02,4.780000000000000000e+02,8.490000000000000000e+02,3.690778816270877627e+01
9.563883543014526367e+00,5.121911792750489667e+02,8.367577684657638883e+02,4.770000000000000000e+02,8.490000000000000000e+02,3.725978169161060549e+01
9.573891639709472656e+00,5.115624418963153630e+02,8.367528564549925250e+02,4.770000000000000000e+02,8.490000000000000000e+02,3.666817305031972296e+01
9.583898305892944336e+00,5.109336745570195149e+02,8.367479442101542872e+02,4.760000000000000000e+02,8.490000000000000000e+02,3.701992016648934936e+01
9.593905448913574219e+00,5.103049072177236667e+02,8.367430319653160495e+02,4.750000000000000000e+02,8.490000000000000000e+02,3.737204488725952700e+01
9.603912591934204102e+00,5.096143611991040530e+02,8.367376370745455461e+02,4.750000000000000000e+02,8.490000000000000000e+02,3.672219418468346674e+01
9.614902973175048828e+00,5.089856088400892986e+02,8.367327249467407455e+02,4.740000000000000000e+02,8.490000000000000000e+02,3.707396476159585319e+01
9.624909877777099609e+00,5.083558228416775364e+02,8.367179643374029183e+02,4.740000000000000000e+02,8.490000000000000000e+02,3.648521567903961937e+01
9.634933233261108398e+00,5.077270555023816883e+02,8.367032276028882052e+02,4.730000000000000000e+02,8.490000000000000000e+02,3.683991035890110055e+01
9.644940376281738281e+00,5.070983031433669339e+02,8.366884912194738035e+02,4.720000000000000000e+02,8.490000000000000000e+02,3.719494766761548732e+01
9.654947280883789062e+00,5.064695358040710857e+02,8.366885104079301527e+02,4.720000000000000000e+02,8.490000000000000000e+02,3.660220860171941126e+01
9.664954423904418945e+00,5.058407534844941438e+02,8.366885295968437504e+02,4.710000000000000000e+02,8.490000000000000000e+02,3.695200139173903153e+01
9.674961805343627930e+00,5.052119412043549573e+02,8.366885295968437504e+02,4.700000000000000000e+02,8.490000000000000000e+02,3.730218635504818536e+01
9.684969663619995117e+00,5.045831738650591092e+02,8.366885295968437504e+02,4.700000000000000000e+02,8.500000000000000000e+02,3.705659399992141800e+01
9.694976806640625000e+00,5.039544664468877500e+02,8.366885295968437504e+02,4.690000000000000000e+02,8.500000000000000000e+02,3.740334168066679865e+01
9.704982995986938477e+00,5.033256991075919018e+02,8.366737928623290372e+02,4.690000000000000000e+02,8.500000000000000000e+02,3.682175193959472637e+01
9.714990139007568359e+00,5.026968718471715647e+02,8.366590547234129644e+02,4.680000000000000000e+02,8.500000000000000000e+02,3.717329332803237918e+01
9.724998235702514648e+00,5.020681644290002055e+02,8.366443193932996110e+02,4.670000000000000000e+02,8.500000000000000000e+02,3.752532959065900542e+01
9.735004425048828125e+00,5.014393970897043573e+02,8.366295826587848978e+02,4.670000000000000000e+02,8.500000000000000000e+02,3.694374279604873124e+01
9.745011568069458008e+00,5.008105099081595881e+02,8.366148431154674654e+02,4.660000000000000000e+02,8.500000000000000000e+02,3.729522791041269159e+01
9.755020618438720703e+00,5.001199938501022189e+02,8.365986591453566916e+02,4.650000000000000000e+02,8.500000000000000000e+02,3.759002400549312739e+01
9.766010522842407227e+00,4.994902228319716073e+02,8.366036753268671191e+02,4.650000000000000000e+02,8.500000000000000000e+02,3.700049980401676208e+01
9.776033639907836914e+00,4.988613656109890826e+02,8.366086842299029058e+02,4.640000000000000000e+02,8.500000000000000000e+02,3.734490795700939003e+01
9.786042213439941406e+00,4.982326432125365727e+02,8.366136920590653290e+02,4.630000000000000000e+02,8.500000000000000000e+02,3.768995075655352878e+01
9.796048641204833984e+00,4.975420822136358652e+02,8.366904444747756315e+02,4.630000000000000000e+02,8.500000000000000000e+02,3.701755950805792139e+01
9.807039260864257812e+00,4.969132998940589232e+02,8.367603304979659242e+02,4.620000000000000000e+02,8.500000000000000000e+02,3.733935401176064772e+01
9.817046642303466797e+00,4.962834389942415783e+02,8.368603224535582967e+02,4.610000000000000000e+02,8.500000000000000000e+02,3.765065993159790025e+01
9.827071189880371094e+00,4.956546866352268239e+02,8.368753082809628268e+02,4.610000000000000000e+02,8.500000000000000000e+02,3.705677857700978706e+01
9.837078094482421875e+00,4.950259941973365585e+02,8.368902926801935109e+02,4.600000000000000000e+02,8.500000000000000000e+02,3.739899324210268361e+01
9.847084045410156250e+00,4.943353582970302682e+02,8.369067534540624820e+02,4.600000000000000000e+02,8.500000000000000000e+02,3.674710783855172735e+01
9.858075857162475586e+00,4.937065909577344200e+02,8.369217396385104166e+02,4.590000000000000000e+02,8.500000000000000000e+02,3.708892489666426684e+01
9.868083000183105469e+00,4.930778385987196657e+02,8.369816445721298805e+02,4.580000000000000000e+02,8.500000000000000000e+02,3.741566969605358395e+01
9.878089904785156250e+00,4.924490712594238175e+02,8.370215757498970106e+02,4.580000000000000000e+02,8.500000000000000000e+02,3.681274244949052132e+01
9.888097047805786133e+00,4.918202889398468756e+02,8.370615078790181087e+02,4.570000000000000000e+02,8.500000000000000000e+02,3.714642782582374991e+01
9.898104429244995117e+00,4.911915365808321212e+02,8.370565957512133082e+02,4.560000000000000000e+02,8.500000000000000000e+02,3.749634596154076860e+01
9.908111333847045898e+00,4.905627542612551792e+02,8.370665931751786957e+02,4.560000000000000000e+02,8.500000000000000000e+02,3.690334665338968279e+01
9.918118715286254883e+00,4.899340019022404249e+02,8.370765901227814538e+02,4.550000000000000000e+02,8.500000000000000000e+02,3.724780546234002543e+01
9.928125619888305664e+00,4.893052345629445767e+02,8.370865873085655267e+02,4.550000000000000000e+02,8.500000000000000000e+02,3.665522262594988234e+01
9.938132762908935547e+00,4.886764672236487286e+02,8.370965844943495995e+02,4.540000000000000000e+02,8.500000000000000000e+02,3.699939879003770926e+01
9.948139905929565430e+00,4.880476998843528804e+02,8.371065816801336723e+02,4.530000000000000000e+02,8.500000000000000000e+02,3.734409596113867025e+01
9.958147048950195312e+00,4.874189325450570323e+02,8.371165788659177451e+02,4.530000000000000000e+02,8.500000000000000000e+02,3.675112865830521969e+01
9.968154191970825195e+00,4.867901801860422779e+02,8.371265758135205033e+02,4.520000000000000000e+02,8.500000000000000000e+02,3.709557504153728758e+01
9.978161096572875977e+00,4.861613978664653359e+02,8.371415623550118426e+02,4.510000000000000000e+02,8.500000000000000000e+02,3.743879429941517145e+01
9.988168478012084961e+00,4.855326305271694878e+02,8.371565485394597772e+02,4.510000000000000000e+02,8.500000000000000000e+02,3.684368082243209841e+01
9.998175621032714844e+00,4.849038781681547334e+02,8.371715343668643072e+02,4.500000000000000000e+02,8.500000000000000000e+02,3.718669441719621460e+01
1.000818252563476562e+01,4.842741221303052157e+02,8.372465254575530480e+02,4.490000000000000000e+02,8.500000000000000000e+02,3.750886301887236129e+01
1.001820540428161621e+01,4.835823477286340903e+02,8.373289016695684950e+02,4.490000000000000000e+02,8.500000000000000000e+02,3.683063273042736796e+01
1.002921533584594727e+01,4.829536253301815805e+02,8.374037696749018096e+02,4.480000000000000000e+02,8.500000000000000000e+02,3.715401650058355187e+01
1.003922176361083984e+01,4.823249179120102212e+02,8.375185440821131806e+02,4.480000000000000000e+02,8.500000000000000000e+02,3.652378309398400802e+01
1.004922795295715332e+01,4.816960756713087903e+02,8.376333431020068474e+02,4.470000000000000000e+02,8.500000000000000000e+02,3.683411285509490085e+01
1.005923628807067871e+01,4.810672633911696039e+02,8.377481366524156101e+02,4.460000000000000000e+02,8.500000000000000000e+02,3.714594348288310499e+01
1.006924414634704590e+01,4.804386009138415830e+02,8.378828555219162126e+02,4.460000000000000000e+02,8.500000000000000000e+02,3.650811448439383611e+01
1.007924962043762207e+01,4.798097436928590582e+02,8.380176161238980512e+02,4.450000000000000000e+02,8.500000000000000000e+02,3.681434203291984630e+01
1.008925819396972656e+01,4.791809763535632101e+02,8.381523574647346777e+02,4.440000000000000000e+02,8.500000000000000000e+02,3.712233466302195950e+01
1.009926533699035645e+01,4.785522689353918508e+02,8.382870859648079431e+02,4.440000000000000000e+02,8.500000000000000000e+02,3.648358046819752332e+01
1.010927152633666992e+01,4.779234866158149089e+02,8.384218305158354951e+02,4.430000000000000000e+02,8.500000000000000000e+02,3.679271566504763058e+01
1.011927890777587891e+01,4.772947941779246435e+02,8.386363894615425352e+02,4.430000000000000000e+02,8.500000000000000000e+02,3.612844519455487813e+01
1.012928485870361328e+01,4.766660268386287953e+02,8.388509739694571863e+02,4.420000000000000000e+02,8.500000000000000000e+02,3.641475248036505263e+01
1.013929200172424316e+01,4.760371396570840261e+02,8.390655993769039469e+02,4.410000000000000000e+02,8.500000000000000000e+02,3.670370924493018805e+01
1.014930105209350586e+01,4.754084921600370990e+02,8.392701668897522040e+02,4.410000000000000000e+02,8.500000000000000000e+02,3.604266432023449340e+01
1.015930628776550293e+01,4.747796499193356681e+02,8.394747977739257294e+02,4.400000000000000000e+02,8.500000000000000000e+02,3.633736273329841282e+01
1.016931462287902832e+01,4.741509125406020644e+02,8.396494619694400399e+02,4.390000000000000000e+02,8.500000000000000000e+02,3.664314792644217533e+01
1.017932128906250000e+01,4.735220852801817273e+02,8.397293319358057033e+02,4.390000000000000000e+02,8.500000000000000000e+02,3.601750955545094968e+01
1.018932938575744629e+01,4.728934377831348002e+02,8.398091790696774979e+02,4.380000000000000000e+02,8.500000000000000000e+02,3.635113246598238135e+01
1.019933462142944336e+01,4.722646704438389520e+02,8.398990194225394816e+02,4.370000000000000000e+02,8.500000000000000000e+02,3.668278601931433514e+01
1.020934176445007324e+01,4.716359180848241976e+02,8.399888576349694631e+02,4.370000000000000000e+02,8.500000000000000000e+02,3.605370706365104638e+01
1.021934866905212402e+01,4.710070758441227667e+02,8.400787086899915721e+02,4.360000000000000000e+02,8.500000000000000000e+02,3.638581290028041337e+01
1.022935700416564941e+01,4.703782485837024296e+02,8.401685576045816788e+02,4.360000000000000000e+02,8.500000000000000000e+02,3.575641530211420616e+01
1.023936510086059570e+01,4.697494962246876753e+02,8.402583958170116603e+02,4.350000000000000000e+02,8.500000000000000000e+02,3.608914435017265987e+01
1.024937200546264648e+01,4.691207438656729209e+02,8.403482340294416417e+02,4.340000000000000000e+02,8.500000000000000000e+02,3.642283948333285082e+01
1.025937891006469727e+01,4.684920064869393173e+02,8.404380701014396209e+02,4.340000000000000000e+02,8.500000000000000000e+02,3.579286262483132219e+01
1.026938557624816895e+01,4.678633140490490518e+02,8.405278997521415931e+02,4.330000000000000000e+02,8.500000000000000000e+02,3.612715529332610487e+01
1.027939152717590332e+01,4.672345167491909592e+02,8.406177443858676952e+02,4.320000000000000000e+02,8.500000000000000000e+02,3.646228038614611222e+01
1.028939914703369141e+01,4.666057044690517728e+02,8.407075911600257996e+02,4.320000000000000000e+02,8.500000000000000000e+02,3.583160119013076894e+01
1.029940700531005859e+01,4.659768921889125863e+02,8.407874592236836406e+02,4.310000000000000000e+02,8.500000000000000000e+02,3.616979257267182390e+01
1.030941486358642578e+01,4.653481997510223209e+02,8.408723004700322008e+02,4.310000000000000000e+02,8.500000000000000000e+02,3.554031126545607577e+01
1.031942081451416016e+01,4.647194623722887172e+02,8.409571477810904980e+02,4.300000000000000000e+02,8.490000000000000000e+02,3.563886276575038892e+01
1.032942748069763184e+01,4.640907100132739629e+02,8.410419971137188213e+02,4.290000000000000000e+02,8.490000000000000000e+02,3.598176953922284582e+01
1.033943438529968262e+01,4.634619127134158703e+02,8.411268525110568817e+02,4.290000000000000000e+02,8.490000000000000000e+02,3.534982148823025483e+01
1.034944200515747070e+01,4.628331903149633604e+02,8.412116978005452665e+02,4.280000000000000000e+02,8.490000000000000000e+02,3.569325984928371298e+01
1.035944843292236328e+01,4.622043181136996850e+02,8.412915734750343972e+02,4.270000000000000000e+02,8.490000000000000000e+02,3.603836640777932132e+01
1.036945724487304688e+01,4.615756106955283258e+02,8.413714282197374814e+02,4.270000000000000000e+02,8.490000000000000000e+02,3.540717388292025447e+01
1.037946343421936035e+01,4.609468433562324776e+02,8.414512905752718552e+02,4.260000000000000000e+02,8.490000000000000000e+02,3.575283030116678162e+01
1.038947057723999023e+01,4.603181209577799677e+02,8.415311472226827618e+02,4.260000000000000000e+02,8.490000000000000000e+02,3.512146335052194246e+01
1.039947700500488281e+01,4.596892936973596306e+02,8.416110171890484253e+02,4.250000000000000000e+02,8.490000000000000000e+02,3.546750857055246087e+01
1.040948510169982910e+01,4.590605862791882714e+02,8.416908719337515095e+02,4.240000000000000000e+02,8.490000000000000000e+02,3.581435554814893152e+01
1.041949129104614258e+01,4.584316691370812578e+02,8.417707533163641074e+02,4.240000000000000000e+02,8.490000000000000000e+02,3.518240820606649066e+01
1.042950081825256348e+01,4.577411980198672268e+02,8.418584529254292192e+02,4.230000000000000000e+02,8.490000000000000000e+02,3.546762656950613035e+01
1.044049000740051270e+01,4.571124157002902848e+02,8.419383171836714155e+02,4.220000000000000000e+02,8.490000000000000000e+02,3.581548688079532639e+01
1.045049738883972168e+01,4.564836633412755305e+02,8.421030077811269621e+02,4.220000000000000000e+02,8.490000000000000000e+02,3.516662535845066628e+01
1.046050429344177246e+01,4.558537874611770917e+02,8.422679926651261439e+02,4.210000000000000000e+02,8.490000000000000000e+02,3.549797773318503857e+01
1.047052907943725586e+01,4.552250500824434880e+02,8.424326793387610905e+02,4.200000000000000000e+02,8.490000000000000000e+02,3.583202274472078130e+01
1.048053574562072754e+01,4.545963426642721288e+02,8.425973581647548372e+02,4.200000000000000000e+02,8.490000000000000000e+02,3.518381372469686141e+01
1.049054193496704102e+01,4.539674854432896041e+02,8.427620762289544700e+02,4.190000000000000000e+02,8.490000000000000000e+02,3.551952605539726449e+01
1.050055050849914551e+01,4.533386132420259287e+02,8.429118095332225948e+02,4.190000000000000000e+02,8.490000000000000000e+02,3.487415120895700937e+01
1.051055932044982910e+01,4.527098009618867422e+02,8.430615285703821655e+02,4.180000000000000000e+02,8.490000000000000000e+02,3.521414099100219630e+01
1.052056717872619629e+01,4.520810785634342324e+02,8.432112262068789050e+02,4.170000000000000000e+02,8.490000000000000000e+02,3.555547742896683872e+01
1.053057360649108887e+01,4.513906673673446903e+02,8.433098744374725584e+02,4.170000000000000000e+02,8.490000000000000000e+02,3.485822042056472014e+01
1.054156184196472168e+01,4.507619000280488422e+02,8.433997147903345422e+02,4.160000000000000000e+02,8.490000000000000000e+02,3.521012479372459580e+01
1.055156898498535156e+01,4.501320091676692527e+02,8.434897156755974947e+02,4.150000000000000000e+02,8.480000000000000000e+02,3.542034348851161951e+01
1.056159400939941406e+01,4.495032717889356491e+02,8.435795517475954739e+02,4.150000000000000000e+02,8.480000000000000000e+02,3.478528606887326902e+01
1.057160067558288574e+01,4.488745793510453836e+02,8.436693813982974461e+02,4.140000000000000000e+02,8.480000000000000000e+02,3.514243222068975570e+01
1.058160662651062012e+01,4.482457221300628589e+02,8.437592345937515574e+02,4.140000000000000000e+02,8.480000000000000000e+02,3.450729742301344771e+01
1.059161520004272461e+01,4.476169398104859170e+02,8.438490770870456572e+02,4.130000000000000000e+02,8.480000000000000000e+02,3.486492052008858167e+01
1.060162258148193359e+01,4.469882174120334071e+02,8.439389110186116341e+02,4.120000000000000000e+02,8.480000000000000000e+02,3.522311458952021468e+01
1.061162900924682617e+01,4.463594650530186527e+02,8.440287492310416155e+02,4.120000000000000000e+02,8.480000000000000000e+02,3.458820133223991178e+01
1.062163591384887695e+01,4.457306677531605601e+02,8.441185938647677176e+02,4.110000000000000000e+02,8.480000000000000000e+02,3.494688249568257987e+01
1.063164353370666504e+01,4.451019902955513885e+02,8.442084213750376875e+02,4.100000000000000000e+02,8.480000000000000000e+02,3.530617213998502280e+01
1.064164924621582031e+01,4.444731180942877131e+02,8.442982767109238011e+02,4.100000000000000000e+02,8.480000000000000000e+02,3.467129398294208897e+01
1.065165805816650391e+01,4.438444556169596922e+02,8.443881020807617688e+02,4.090000000000000000e+02,8.480000000000000000e+02,3.503115604460222698e+01
1.066166353225708008e+01,4.432156583171015996e+02,8.444779467144878708e+02,4.090000000000000000e+02,8.480000000000000000e+02,3.439645524496137341e+01
1.067167115211486816e+01,4.425868310566812625e+02,8.445677956290779775e+02,4.080000000000000000e+02,8.480000000000000000e+02,3.475671027855179318e+01
1.068167924880981445e+01,4.419577041906386512e+02,8.446576873523083577e+02,4.070000000000000000e+02,8.480000000000000000e+02,3.511712027081825482e+01
1.069169211387634277e+01,4.413293113583707168e+02,8.447474741943700565e+02,4.070000000000000000e+02,8.480000000000000000e+02,3.448304717475312486e+01
1.070169329643249512e+01,4.407005140585126242e+02,8.448373188280961585e+02,4.060000000000000000e+02,8.480000000000000000e+02,3.484434284242059476e+01
1.071170091629028320e+01,4.400718515811846032e+02,8.449221560313048940e+02,4.050000000000000000e+02,8.480000000000000000e+02,3.520664563442921491e+01
1.072170639038085938e+01,4.394430992221698489e+02,8.450070053639332173e+02,4.050000000000000000e+02,8.470000000000000000e+02,3.450071175566713322e+01
1.073171329498291016e+01,4.388143019223117562e+02,8.450918607612712776e+02,4.040000000000000000e+02,8.470000000000000000e+02,3.486655437080435860e+01
1.074172091484069824e+01,4.381854896421725698e+02,8.451767181801792503e+02,4.040000000000000000e+02,8.470000000000000000e+02,3.423407744732691071e+01
1.075172877311706543e+01,4.375567972042823044e+02,8.452615594265278105e+02,4.030000000000000000e+02,8.470000000000000000e+02,3.460049723118711995e+01
1.076173472404479980e+01,4.368661613039760141e+02,8.453547598644902337e+02,4.020000000000000000e+02,8.470000000000000000e+02,3.490495694279491090e+01
1.077272653579711914e+01,4.362363153844398198e+02,8.454097714313149936e+02,4.020000000000000000e+02,8.470000000000000000e+02,3.427322742321610605e+01
1.078275084495544434e+01,4.356075630254250655e+02,8.454646874851327993e+02,4.010000000000000000e+02,8.470000000000000000e+02,3.464160220135720181e+01
1.079275774955749512e+01,4.349787807058481235e+02,8.455196061557452367e+02,4.000000000000000000e+02,8.470000000000000000e+02,3.501009376739686019e+01
1.080276513099670410e+01,4.343501032482389519e+02,8.457092185615542803e+02,4.000000000000000000e+02,8.470000000000000000e+02,3.437434668305002106e+01
1.081277084350585938e+01,4.337213359089431037e+02,8.458988580761496223e+02,3.990000000000000000e+02,8.470000000000000000e+02,3.473879216147450677e+01
1.082277798652648926e+01,4.330924487273983345e+02,8.459937055020283196e+02,3.980000000000000000e+02,8.470000000000000000e+02,3.510687377568286394e+01
1.083278703689575195e+01,4.324637413092269753e+02,8.460885258163777962e+02,3.980000000000000000e+02,8.470000000000000000e+02,3.447579223479466037e+01
1.084279322624206543e+01,4.318349290290877889e+02,8.461833619457860323e+02,3.970000000000000000e+02,8.460000000000000000e+02,3.483541161038211698e+01
1.085280108451843262e+01,4.312061766700730345e+02,8.462781890380177856e+02,3.970000000000000000e+02,8.460000000000000000e+02,3.420730786725435735e+01
1.086280798912048340e+01,4.305774093307771864e+02,8.463730183895436312e+02,3.960000000000000000e+02,8.460000000000000000e+02,3.457942131885747727e+01
1.087281513214111328e+01,4.299487318731680148e+02,8.464678341853049233e+02,3.950000000000000000e+02,8.460000000000000000e+02,3.495186301712013233e+01
1.088282084465026855e+01,4.293199195930288283e+02,8.466425191885430195e+02,3.950000000000000000e+02,8.460000000000000000e+02,3.432593351650628932e+01
1.089282870292663574e+01,4.286911073128896419e+02,8.468172041917811157e+02,3.940000000000000000e+02,8.460000000000000000e+02,3.470073125001099612e+01
1.090283656120300293e+01,4.280623549538748875e+02,8.469918725488402060e+02,3.930000000000000000e+02,8.460000000000000000e+02,3.507638159880031736e+01
1.091284346580505371e+01,4.274336774962657159e+02,8.471665200981753969e+02,3.930000000000000000e+02,8.460000000000000000e+02,3.445343110716671475e+01
1.092284917831420898e+01,4.268048052950020406e+02,8.473012839103480474e+02,3.920000000000000000e+02,8.460000000000000000e+02,3.482912303573451851e+01
1.093285799026489258e+01,4.261760529359872862e+02,8.474360220409938620e+02,3.920000000000000000e+02,8.460000000000000000e+02,3.420620928407041816e+01
1.094286489486694336e+01,4.255473155572536825e+02,8.475707569614487511e+02,3.910000000000000000e+02,8.460000000000000000e+02,3.458300579250452955e+01
1.095287156105041504e+01,4.249185631982389282e+02,8.476356507748699869e+02,3.900000000000000000e+02,8.460000000000000000e+02,3.495685067746719454e+01
1.096287846565246582e+01,4.242897658983808356e+02,8.476606161461809279e+02,3.900000000000000000e+02,8.450000000000000000e+02,3.439283244577392651e+01
1.097288608551025391e+01,4.236610135393660812e+02,8.476855797331888880e+02,3.890000000000000000e+02,8.450000000000000000e+02,3.476489893670674292e+01
1.098289299011230469e+01,4.230322911409135713e+02,8.477105421306616790e+02,3.880000000000000000e+02,8.450000000000000000e+02,3.513699562034044277e+01
1.099289941787719727e+01,4.224035537621799676e+02,8.477355051229020546e+02,3.880000000000000000e+02,8.450000000000000000e+02,3.451213554309020992e+01
1.100290608406066895e+01,4.217747115214785367e+02,8.478153769919755405e+02,3.870000000000000000e+02,8.450000000000000000e+02,3.488849250123882229e+01
1.101291441917419434e+01,4.211459441821826886e+02,8.478952393475099143e+02,3.870000000000000000e+02,8.450000000000000000e+02,3.426846823206583537e+01
1.102292156219482422e+01,4.205171319020435021e+02,8.479751074111677553e+02,3.860000000000000000e+02,8.450000000000000000e+02,3.464511017230360324e+01
1.103292942047119141e+01,4.198884694247154812e+02,8.479652845599595139e+02,3.850000000000000000e+02,8.450000000000000000e+02,3.501425725787770205e+01
1.104293489456176758e+01,4.192596871051385392e+02,8.479554598362161641e+02,3.850000000000000000e+02,8.450000000000000000e+02,3.438692925204986750e+01
1.105294227600097656e+01,4.186309047855615972e+02,8.479456351124728144e+02,3.840000000000000000e+02,8.450000000000000000e+02,3.475595391414923796e+01
1.106294965744018555e+01,4.180021074857035046e+02,8.479358101546624766e+02,3.840000000000000000e+02,8.440000000000000000e+02,3.422913839176905526e+01
1.107295727729797363e+01,4.173733551266887503e+02,8.479259858990528755e+02,3.830000000000000000e+02,8.440000000000000000e+02,3.459683378497260264e+01
1.108296418190002441e+01,4.167446477085173910e+02,8.479161623456438974e+02,3.820000000000000000e+02,8.440000000000000000e+02,3.496465174867928738e+01
1.109297037124633789e+01,4.161156706452859453e+02,8.479063345790309540e+02,3.820000000000000000e+02,8.440000000000000000e+02,3.433858519830073419e+01
1.110298085212707520e+01,4.154871130299257516e+02,8.478965133662909466e+02,3.810000000000000000e+02,8.440000000000000000e+02,3.470653802315290193e+01
1.111298465728759766e+01,4.148581809075376441e+02,8.478866863018786262e+02,3.800000000000000000e+02,8.440000000000000000e+02,3.507419431137132904e+01
1.112299442291259766e+01,4.142295783513340552e+02,8.478768643869379957e+02,3.800000000000000000e+02,8.440000000000000000e+02,3.444842683759049606e+01
1.113299894332885742e+01,4.136006761895081922e+02,8.478670377906594240e+02,3.790000000000000000e+02,8.440000000000000000e+02,3.481609935138609302e+01
1.114300823211669922e+01,4.129720137121801713e+02,8.478572149394511825e+02,3.790000000000000000e+02,8.440000000000000000e+02,3.419028842741288088e+01
1.115301370620727539e+01,4.123432164123220787e+02,8.478473899816408448e+02,3.780000000000000000e+02,8.430000000000000000e+02,3.468362298229094165e+01
1.116302132606506348e+01,4.117144041321828922e+02,8.478375647897636327e+02,3.770000000000000000e+02,8.430000000000000000e+02,3.504984860662992219e+01
1.117302918434143066e+01,4.110856667534492885e+02,8.478277407682209059e+02,3.770000000000000000e+02,8.430000000000000000e+02,3.442585887022051594e+01
1.118303585052490234e+01,4.104568844338723466e+02,8.478179160444775562e+02,3.760000000000000000e+02,8.430000000000000000e+02,3.479208530543791511e+01
1.119304323196411133e+01,4.098281620354198367e+02,8.478080922570017037e+02,3.750000000000000000e+02,8.430000000000000000e+02,3.515847866329399807e+01
1.120304965972900391e+01,4.091994695975295713e+02,8.477982689376597136e+02,3.750000000000000000e+02,8.430000000000000000e+02,3.453443362139387318e+01
1.121305561065673828e+01,4.085705973962658959e+02,8.477884428095150042e+02,3.740000000000000000e+02,8.430000000000000000e+02,3.490065026435327411e+01
1.122306442260742188e+01,4.079419349189378750e+02,8.478233791611755805e+02,3.740000000000000000e+02,8.430000000000000000e+02,3.428293938059974977e+01
1.123306989669799805e+01,4.073131076585175379e+02,8.478583246702461338e+02,3.730000000000000000e+02,8.430000000000000000e+02,3.465534123027123314e+01
1.124307799339294434e+01,4.066843552995027835e+02,8.478932660168576376e+02,3.720000000000000000e+02,8.420000000000000000e+02,3.518145941952374756e+01
1.125308489799499512e+01,4.060556329010502736e+02,8.478883541231197114e+02,3.720000000000000000e+02,8.420000000000000000e+02,3.456094394790684277e+01
1.126309132575988770e+01,4.054267906603488427e+02,8.478834412931142879e+02,3.710000000000000000e+02,8.420000000000000000e+02,3.492590437799720604e+01
1.127309966087341309e+01,4.047979933604907501e+02,8.478785288142091758e+02,3.710000000000000000e+02,8.420000000000000000e+02,3.430541438629279583e+01
1.128310728073120117e+01,4.041693308831627292e+02,8.478736173886049983e+02,3.700000000000000000e+02,8.420000000000000000e+02,3.467048534749378774e+01
1.129311275482177734e+01,4.035404886424612982e+02,8.478687045585995747e+02,3.690000000000000000e+02,8.420000000000000000e+02,3.503551125438482217e+01
1.130312108993530273e+01,4.029117362834465439e+02,8.478637924307947742e+02,3.690000000000000000e+02,8.420000000000000000e+02,3.441496650339021812e+01
1.131312799453735352e+01,4.022211752845458363e+02,8.478583974229908335e+02,3.680000000000000000e+02,8.420000000000000000e+02,3.471901004091730414e+01
1.132411861419677734e+01,4.015924229255310820e+02,8.478534852951860330e+02,3.670000000000000000e+02,8.410000000000000000e+02,3.526479809314296432e+01
1.133412551879882812e+01,4.009636406059541400e+02,8.478485729333143581e+02,3.670000000000000000e+02,8.410000000000000000e+02,3.464724858388242978e+01
1.134413290023803711e+01,4.003348732666582919e+02,8.478436606884761204e+02,3.660000000000000000e+02,8.410000000000000000e+02,3.501027297603489785e+01
1.135414004325866699e+01,3.997061209076435375e+02,8.478387485606713199e+02,3.660000000000000000e+02,8.410000000000000000e+02,3.439289270353351213e+01
1.136414694786071777e+01,3.990773086275043511e+02,8.478338359647327707e+02,3.650000000000000000e+02,8.410000000000000000e+02,3.475578048738162806e+01
1.137415480613708496e+01,3.984486012093329919e+02,8.478289241880282816e+02,3.640000000000000000e+02,8.410000000000000000e+02,3.511894546887044299e+01
1.138416099548339844e+01,3.978198039094748992e+02,8.478240117091231696e+02,3.640000000000000000e+02,8.410000000000000000e+02,3.450139522224549182e+01
1.139416861534118652e+01,3.971910665307412955e+02,8.478190996983518062e+02,3.630000000000000000e+02,8.400000000000000000e+02,3.507374161110193000e+01
1.140417528152465820e+01,3.965622692308832029e+02,8.478141872194466941e+02,3.620000000000000000e+02,8.400000000000000000e+02,3.543461550925337633e+01
1.141418290138244629e+01,3.959335018915873547e+02,8.478092749746084564e+02,3.620000000000000000e+02,8.400000000000000000e+02,3.482050152216950067e+01
1.142419004440307617e+01,3.953036859326133481e+02,8.478043545374289351e+02,3.610000000000000000e+02,8.400000000000000000e+02,3.518026177147154954e+01
1.143421387672424316e+01,3.946749485538797444e+02,8.478143512468503786e+02,3.610000000000000000e+02,8.400000000000000000e+02,3.456973019153605975e+01
1.144422054290771484e+01,3.940462111751461407e+02,8.478243479562718221e+02,3.600000000000000000e+02,8.400000000000000000e+02,3.493372176455667955e+01
1.145422720909118652e+01,3.933545566157239364e+02,8.478353450273613134e+02,3.590000000000000000e+02,8.400000000000000000e+02,3.523674491153768429e+01
1.146523523330688477e+01,3.927453802071917721e+02,8.478802694846563099e+02,3.590000000000000000e+02,8.390000000000000000e+02,3.489426702838230199e+01
1.147524333000183105e+01,3.921363489201328889e+02,8.478753579420186952e+02,3.580000000000000000e+02,8.390000000000000000e+02,3.527126728933923516e+01
1.148524904251098633e+01,3.915272015358953581e+02,8.478704454631135832e+02,3.580000000000000000e+02,8.390000000000000000e+02,3.468080226209619354e+01
1.149525666236877441e+01,3.909229090501074211e+02,8.478854337898221729e+02,3.570000000000000000e+02,8.390000000000000000e+02,3.506728806245463659e+01
1.150526523590087891e+01,3.903187605154583366e+02,8.479004185460963754e+02,3.560000000000000000e+02,8.390000000000000000e+02,3.545412209621158439e+01
1.151527142524719238e+01,3.897145831905814930e+02,8.479154040164573871e+02,3.560000000000000000e+02,8.390000000000000000e+02,3.487345048158132244e+01
1.152527809143066406e+01,3.891103914705907982e+02,8.479303898438619171e+02,3.550000000000000000e+02,8.390000000000000000e+02,3.526004352011360510e+01
1.153528499603271484e+01,3.885061997506001035e+02,8.479453756712664472e+02,3.540000000000000000e+02,8.380000000000000000e+02,3.591083845402294372e+01
1.154529190063476562e+01,3.879019936354955007e+02,8.479355511815899717e+02,3.540000000000000000e+02,8.380000000000000000e+02,3.532789761283809327e+01
1.155529904365539551e+01,3.872977155448214717e+02,8.479257255215790110e+02,3.530000000000000000e+02,8.380000000000000000e+02,3.570508813493132294e+01
1.156530737876892090e+01,3.866935094297168689e+02,8.479159010319025356e+02,3.530000000000000000e+02,8.380000000000000000e+02,3.512232439581562460e+01
1.157531452178955078e+01,3.860893752901816924e+02,8.479060777125605455e+02,3.520000000000000000e+02,8.380000000000000000e+02,3.549951948015830538e+01
1.158532047271728516e+01,3.854851691750770897e+02,8.478962532228840701e+02,3.510000000000000000e+02,8.380000000000000000e+02,3.587705005829116800e+01
1.159532761573791504e+01,3.848809630599724869e+02,8.478864287332075946e+02,3.510000000000000000e+02,8.380000000000000000e+02,3.529392484504965211e+01
1.160533475875854492e+01,3.842766849692984579e+02,8.478766030731966339e+02,3.500000000000000000e+02,8.370000000000000000e+02,3.596097366446577581e+01
1.161534309387207031e+01,3.836724500639660960e+02,8.478667781153862961e+02,3.500000000000000000e+02,8.370000000000000000e+02,3.538249227964769261e+01
1.162535071372985840e+01,3.830683015293170115e+02,8.478471310085684536e+02,3.490000000000000000e+02,8.370000000000000000e+02,3.575345326272010738e+01
1.163535690307617188e+01,3.824640378337568904e+02,8.478274801566802807e+02,3.480000000000000000e+02,8.370000000000000000e+02,3.612484228823610977e+01
1.164536499977111816e+01,3.818598892991078060e+02,8.478078330498624382e+02,3.480000000000000000e+02,8.370000000000000000e+02,3.554295089861749801e+01
1.165537118911743164e+01,3.812557407644587215e+02,8.477881859430445957e+02,3.470000000000000000e+02,8.370000000000000000e+02,3.591435271953963593e+01
1.166537737846374512e+01,3.806515202542402108e+02,8.477685364955577825e+02,3.470000000000000000e+02,8.360000000000000000e+02,3.565001075271667474e+01
1.167538475990295410e+01,3.800472277684522737e+02,8.477439717603631379e+02,3.460000000000000000e+02,8.360000000000000000e+02,3.601575476683883892e+01
1.168539333343505859e+01,3.794479767324272643e+02,8.477145003979356943e+02,3.450000000000000000e+02,8.360000000000000000e+02,3.638533524005359254e+01
1.169539976119995117e+01,3.788486971402413701e+02,8.476850276311068910e+02,3.450000000000000000e+02,8.360000000000000000e+02,3.580885601120923667e+01
1.170540666580200195e+01,3.782542588706252786e+02,8.476555513532747455e+02,3.440000000000000000e+02,8.360000000000000000e+02,3.618295355722961659e+01
1.171541476249694824e+01,3.776599763725261028e+02,8.476211713740458435e+02,3.440000000000000000e+02,8.360000000000000000e+02,3.560962838199744596e+01
1.172542023658752441e+01,3.770655947470979754e+02,8.475867856601780659e+02,3.430000000000000000e+02,8.350000000000000000e+02,3.631655158090830327e+01
1.173542737960815430e+01,3.764710856722469430e+02,8.475523925732031785e+02,3.420000000000000000e+02,8.350000000000000000e+02,3.668539636878951171e+01
1.174543666839599609e+01,3.758766474026308515e+02,8.475180035823989328e+02,3.420000000000000000e+02,8.350000000000000000e+02,3.611547663995489899e+01
1.175544476509094238e+01,3.752822657772027242e+02,8.474836178685311552e+02,3.410000000000000000e+02,8.350000000000000000e+02,3.648444136760593892e+01
1.176545190811157227e+01,3.746831146877407832e+02,8.474443292725009087e+02,3.400000000000000000e+02,8.350000000000000000e+02,3.684806338853378094e+01
1.177545666694641113e+01,3.740838065393940042e+02,8.474050303775273960e+02,3.400000000000000000e+02,8.350000000000000000e+02,3.627107176362748220e+01
1.178546404838562012e+01,3.734844983910472251e+02,8.473657314825538833e+02,3.390000000000000000e+02,8.340000000000000000e+02,3.698409668149096063e+01
1.179547142982482910e+01,3.728949307023625579e+02,8.473215139059025205e+02,3.390000000000000000e+02,8.340000000000000000e+02,3.641880091468024006e+01
1.180548024177551270e+01,3.723055736738810992e+02,8.472773121287664253e+02,3.380000000000000000e+02,8.340000000000000000e+02,3.678531503818842907e+01
1.181548547744750977e+01,3.717260116426476770e+02,8.472331082450282338e+02,3.370000000000000000e+02,8.340000000000000000e+02,3.716195687029863848e+01
1.182549118995666504e+01,3.711462838920543845e+02,8.471888917216779191e+02,3.370000000000000000e+02,8.340000000000000000e+02,3.660485717063948385e+01
1.183549976348876953e+01,3.705716197105452920e+02,8.471397751249677412e+02,3.360000000000000000e+02,8.330000000000000000e+02,3.735144080213265738e+01
1.184550571441650391e+01,3.700017993093084101e+02,8.470808281869087750e+02,3.360000000000000000e+02,8.330000000000000000e+02,3.680206622867431321e+01
1.185551285743713379e+01,3.694319924839513192e+02,8.470218826532511684e+02,3.350000000000000000e+02,8.330000000000000000e+02,3.717761826094331923e+01
1.186551976203918457e+01,3.688670574098600810e+02,8.469481954696740331e+02,3.340000000000000000e+02,8.330000000000000000e+02,3.755347985583644999e+01
1.187552738189697266e+01,3.683119208440202783e+02,8.468843302010376419e+02,3.340000000000000000e+02,8.330000000000000000e+02,3.701462598943503224e+01
1.188553547859191895e+01,3.677568371772981664e+02,8.468204710181404380e+02,3.330000000000000000e+02,8.330000000000000000e+02,3.740378523268034172e+01
1.189554262161254883e+01,3.672066788631602776e+02,8.467517012288732303e+02,3.330000000000000000e+02,8.320000000000000000e+02,3.725197401471922376e+01
1.190554952621459961e+01,3.666565074412764034e+02,8.466829298011377887e+02,3.320000000000000000e+02,8.320000000000000000e+02,3.763856978648879448e+01
1.191555666923522949e+01,3.661063491271385146e+02,8.466043357562609799e+02,3.310000000000000000e+02,8.320000000000000000e+02,3.802291903468409373e+01
1.192556357383728027e+01,3.655562170284925969e+02,8.465257454564543877e+02,3.310000000000000000e+02,8.320000000000000000e+02,3.748505590746780314e+01
1.193557000160217285e+01,3.650060193911167516e+02,8.464471457939721404e+02,3.300000000000000000e+02,8.320000000000000000e+02,3.787005961447022884e+01
1.194557762145996094e+01,3.644607472233586236e+02,8.463881974515118145e+02,3.300000000000000000e+02,8.310000000000000000e+02,3.774042554077701794e+01
1.195558500289916992e+01,3.639155400091631236e+02,8.463292561310582869e+02,3.290000000000000000e+02,8.310000000000000000e+02,3.813241439593169702e+01
1.196559119224548340e+01,3.633702808321174871e+02,8.462703091929993207e+02,3.280000000000000000e+02,8.310000000000000000e+02,3.852582392360554309e+01
1.197559833526611328e+01,3.628250346457843989e+02,8.462113636593417141e+02,3.280000000000000000e+02,8.310000000000000000e+02,3.800221865176855118e+01
1.198560523986816406e+01,3.622797494873137225e+02,8.461524139124800286e+02,3.270000000000000000e+02,8.310000000000000000e+02,3.839604629727820395e+01
1.199561285972595215e+01,3.617295780654298483e+02,8.460836424847445869e+02,3.270000000000000000e+02,8.310000000000000000e+02,3.786370112931879817e+01
1.200562000274658203e+01,3.611794066435459740e+02,8.460148710570091453e+02,3.260000000000000000e+02,8.300000000000000000e+02,3.865315959613904084e+01
1.201562714576721191e+01,3.606291958984242001e+02,8.459460947138688880e+02,3.250000000000000000e+02,8.300000000000000000e+02,3.903482466967111719e+01
1.202563500404357910e+01,3.600790900152701965e+02,8.458675081591326261e+02,3.250000000000000000e+02,8.300000000000000000e+02,3.850091390447205697e+01
1.203564095497131348e+01,3.595289185933863223e+02,8.457889122417205954e+02,3.240000000000000000e+02,8.300000000000000000e+02,3.887922075083587714e+01
1.204564809799194336e+01,3.589787078482645484e+02,8.457103107067032397e+02,3.240000000000000000e+02,8.300000000000000000e+02,3.834480232359268115e+01
1.205565595626831055e+01,3.584285233186346886e+02,8.456317129167561006e+02,3.230000000000000000e+02,8.290000000000000000e+02,3.913814174286297742e+01
1.206566333770751953e+01,3.578783387890048289e+02,8.455531151268089616e+02,3.220000000000000000e+02,8.290000000000000000e+02,3.951279305060577229e+01
1.207567071914672852e+01,3.573282329058508253e+02,8.454745285720726997e+02,3.220000000000000000e+02,8.290000000000000000e+02,3.898068921815109178e+01
1.208567667007446289e+01,3.567779566219991239e+02,8.453959176743795751e+02,3.210000000000000000e+02,8.290000000000000000e+02,3.935591818812874720e+01
1.209568572044372559e+01,3.561737812866908826e+02,8.453096069121926348e+02,3.210000000000000000e+02,8.290000000000000000e+02,3.877109964437696021e+01
1.210667514801025391e+01,3.556236098648070083e+02,8.452703089534866194e+02,3.200000000000000000e+02,8.280000000000000000e+02,3.958920498253097264e+01
1.211668229103088379e+01,3.550734384429231341e+02,8.452310109947806041e+02,3.190000000000000000e+02,8.280000000000000000e+02,3.997750243571520201e+01
1.212668943405151367e+01,3.545232670210392598e+02,8.451917130360745887e+02,3.190000000000000000e+02,8.280000000000000000e+02,3.946463602977724605e+01
1.213669657707214355e+01,3.539722173801749250e+02,8.451523523474414787e+02,3.180000000000000000e+02,8.280000000000000000e+02,3.985227238561611074e+01
1.214671969413757324e+01,3.534219542040692090e+02,8.451130478348625275e+02,3.180000000000000000e+02,8.270000000000000000e+02,3.978438564943782296e+01
1.215672850608825684e+01,3.528717958899313203e+02,8.450737508124241231e+02,3.170000000000000000e+02,8.270000000000000000e+02,4.016772596001042217e+01
1.216673541069030762e+01,3.523215851448095464e+02,8.450344500449153884e+02,3.160000000000000000e+02,8.270000000000000000e+02,4.055242207136582522e+01
1.217674326896667480e+01,3.517715185848934993e+02,8.449951595763499199e+02,3.160000000000000000e+02,8.270000000000000000e+02,4.004281845784183957e+01
1.218674850463867188e+01,3.512212947320257399e+02,8.448674290390770238e+02,3.150000000000000000e+02,8.270000000000000000e+02,4.038845395073607136e+01
1.219675660133361816e+01,3.506761005085427882e+02,8.447200792489464902e+02,3.150000000000000000e+02,8.260000000000000000e+02,4.028927294680909910e+01
1.220676255226135254e+01,3.501307893686470720e+02,8.445726978597855350e+02,3.140000000000000000e+02,8.260000000000000000e+02,4.062485749134908986e+01
1.221677064895629883e+01,3.495855561730265322e+02,8.444007774827880439e+02,3.140000000000000000e+02,8.260000000000000000e+02,4.006145803780368908e+01
1.222677731513977051e+01,3.490402840052684041e+02,8.442042830079202531e+02,3.130000000000000000e+02,8.260000000000000000e+02,4.037694875808299599e+01
1.223678469657897949e+01,3.484950638003603558e+02,8.440078072584038864e+02,3.120000000000000000e+02,8.260000000000000000e+02,4.069607848488839608e+01
1.224679112434387207e+01,3.479498046233147193e+02,8.437965807303592101e+02,3.120000000000000000e+02,8.250000000000000000e+02,4.056722691542289283e+01
1.225679826736450195e+01,3.474044025484312783e+02,8.435852988454944352e+02,3.110000000000000000e+02,8.250000000000000000e+02,4.087412210781494792e+01
1.226680803298950195e+01,3.468592343063733665e+02,8.433642846933088322e+02,3.110000000000000000e+02,8.250000000000000000e+02,4.028810788975180657e+01
1.227681350708007812e+01,3.462603884401391383e+02,8.431161143343289268e+02,3.100000000000000000e+02,8.250000000000000000e+02,4.053405196133559230e+01
1.228780412673950195e+01,3.457151292630935018e+02,8.428901510717695373e+02,3.090000000000000000e+02,8.240000000000000000e+02,4.128969029091815202e+01
1.229781126976013184e+01,3.451698830767604136e+02,8.426494568093341968e+02,3.090000000000000000e+02,8.240000000000000000e+02,4.069475004309205701e+01
1.230781817436218262e+01,3.446295232708739604e+02,8.423940139920060801e+02,3.080000000000000000e+02,8.240000000000000000e+02,4.098855603445445439e+01
1.231782555580139160e+01,3.440882108127352694e+02,8.421381208299768559e+02,3.080000000000000000e+02,8.240000000000000000e+02,4.038997879310241501e+01
1.232785058021545410e+01,3.435528654218855991e+02,8.418729038473541095e+02,3.070000000000000000e+02,8.240000000000000000e+02,4.068848316768819018e+01
1.233785605430603027e+01,3.430173414379970040e+02,8.416075983874460462e+02,3.060000000000000000e+02,8.230000000000000000e+02,4.143098218586828096e+01
1.234786486625671387e+01,3.424818557240453174e+02,8.413324864610121949e+02,3.060000000000000000e+02,8.230000000000000000e+02,4.082898305019674723e+01
1.235787296295166016e+01,3.419465358464869382e+02,8.410574597349271926e+02,3.050000000000000000e+02,8.230000000000000000e+02,4.112320954320395572e+01
1.236787796020507812e+01,3.414109991059527260e+02,8.407823215930013703e+02,3.050000000000000000e+02,8.230000000000000000e+02,4.052125142601858698e+01
1.237788701057434082e+01,3.408805904199315933e+02,8.404974724838418751e+02,3.040000000000000000e+02,8.220000000000000000e+02,4.125935576342943278e+01
1.238789200782775879e+01,3.403500426981763667e+02,8.402125487073436716e+02,3.030000000000000000e+02,8.220000000000000000e+02,4.155385204734891147e+01
1.239789962768554688e+01,3.398195581744820970e+02,8.399276588705448603e+02,3.030000000000000000e+02,8.220000000000000000e+02,4.095217719172812565e+01
1.240790605545043945e+01,3.392890104527268704e+02,8.396427350940466567e+02,3.020000000000000000e+02,8.220000000000000000e+02,4.125210785089992527e+01
1.241791367530822754e+01,3.387585006498081839e+02,8.393578316813681113e+02,3.020000000000000000e+02,8.210000000000000000e+02,4.108767885952419618e+01
1.242792057991027832e+01,3.382280161261139142e+02,8.390631180570934475e+02,3.010000000000000000e+02,8.210000000000000000e+02,4.137875564381670301e+01
1.243792700767517090e+01,3.376973925666854939e+02,8.387634140096384954e+02,3.010000000000000000e+02,8.210000000000000000e+02,4.077054694839456062e+01
1.244793605804443359e+01,3.371669206826034042e+02,8.384637956306661408e+02,3.000000000000000000e+02,8.210000000000000000e+02,4.106536437019165930e+01
1.245794224739074707e+01,3.366412979623320325e+02,8.381592291946210480e+02,2.990000000000000000e+02,8.210000000000000000e+02,4.136793998790122373e+01
1.246794962882995605e+01,3.361156752420606608e+02,8.378497503967042803e+02,2.990000000000000000e+02,8.200000000000000000e+02,4.118479012813782703e+01
1.247795701026916504e+01,3.355900900895255177e+02,8.375402937181088419e+02,2.980000000000000000e+02,8.200000000000000000e+02,4.148104117131310886e+01
1.248796367645263672e+01,3.350128242545069384e+02,8.371950132186584597e+02,2.980000000000000000e+02,8.200000000000000000e+02,4.081197911011981461e+01
1.249895429611206055e+01,3.344872265793930524e+02,8.368806370391511109e+02,2.970000000000000000e+02,8.200000000000000000e+02,4.111262656973296714e+01
1.250896120071411133e+01,3.339616038591216807e+02,8.365662458793626683e+02,2.960000000000000000e+02,8.190000000000000000e+02,4.182889386358558426e+01
1.251896858215332031e+01,3.334359936614290518e+02,8.362469499648765350e+02,2.960000000000000000e+02,8.190000000000000000e+02,4.121784691743991402e+01
1.252897572517395020e+01,3.329103959863151658e+02,8.359276616575643857e+02,2.950000000000000000e+02,8.190000000000000000e+02,4.151799432814880930e+01
1.253898262977600098e+01,3.323847607434650513e+02,8.356083505287301705e+02,2.950000000000000000e+02,8.190000000000000000e+02,4.090791663151885871e+01
1.254899024963378906e+01,3.318591881135086510e+02,8.352890774357659893e+02,2.940000000000000000e+02,8.180000000000000000e+02,4.162007115796352963e+01
1.255899667739868164e+01,3.313335653932372793e+02,8.349697739141057582e+02,2.940000000000000000e+02,8.180000000000000000e+02,4.100936882795184601e+01
1.256900405883789062e+01,3.308079551955446505e+02,8.346504779996196248e+02,2.930000000000000000e+02,8.180000000000000000e+02,4.131198244679294618e+01
1.257901120185852051e+01,3.302823449978520216e+02,8.343311820851334915e+02,2.920000000000000000e+02,8.180000000000000000e+02,4.162025284440678519e+01
1.258901834487915039e+01,3.297558081293321948e+02,8.340113232397709453e+02,2.920000000000000000e+02,8.170000000000000000e+02,4.141118406743422042e+01
1.259904313087463379e+01,3.292351846097496377e+02,8.336920729683288300e+02,2.910000000000000000e+02,8.170000000000000000e+02,4.171995496308270646e+01
1.260904884338378906e+01,3.287144866568952466e+02,8.333727770538426967e+02,2.910000000000000000e+02,8.170000000000000000e+02,4.111508643123552531e+01
1.261905598640441895e+01,3.281937266763143839e+02,8.330534431034865293e+02,2.900000000000000000e+02,8.170000000000000000e+02,4.143034869394521991e+01
1.262906432151794434e+01,3.276779532568100990e+02,8.327341547961743800e+02,2.890000000000000000e+02,8.160000000000000000e+02,4.214280490046092353e+01
1.263907122611999512e+01,3.271622044143295511e+02,8.324148817032101988e+02,2.890000000000000000e+02,8.160000000000000000e+02,4.154277538984918294e+01
1.264907765388488770e+01,3.266464064178015860e+02,8.320955781815499677e+02,2.880000000000000000e+02,8.160000000000000000e+02,4.186421342875419782e+01
1.265908503532409668e+01,3.261305838442498839e+02,8.317762594455417684e+02,2.880000000000000000e+02,8.160000000000000000e+02,4.126538242154573766e+01
1.266909289360046387e+01,3.256148718673048847e+02,8.314570091740996531e+02,2.870000000000000000e+02,8.150000000000000000e+02,4.197548665929645040e+01
1.267909860610961914e+01,3.250990861592887882e+02,8.311377132596135198e+02,2.870000000000000000e+02,8.150000000000000000e+02,4.137591274428174870e+01
1.268910574913024902e+01,3.245833127397845033e+02,8.308184249523013705e+02,2.860000000000000000e+02,8.150000000000000000e+02,4.170005503530670410e+01
1.269911265373229980e+01,3.240674533006972524e+02,8.304990833947712190e+02,2.850000000000000000e+02,8.150000000000000000e+02,4.202960258532352356e+01
1.270912122726440430e+01,3.235516553041692873e+02,8.301797798731109879e+02,2.850000000000000000e+02,8.140000000000000000e+02,4.180927413186949337e+01
1.271912860870361328e+01,3.230359433272242882e+02,8.298605296016688726e+02,2.840000000000000000e+02,8.140000000000000000e+02,4.213503614204787340e+01
1.272913432121276855e+01,3.225201330421844546e+02,8.295412184728346574e+02,2.840000000000000000e+02,8.140000000000000000e+02,4.153709331679297634e+01
1.273914194107055664e+01,3.220043841997039067e+02,8.292219453798704762e+02,2.830000000000000000e+02,8.140000000000000000e+02,4.186943524751524137e+01
1.274914836883544922e+01,3.214885984916878101e+02,8.289026494653843429e+02,2.830000000000000000e+02,8.130000000000000000e+02,4.164452513684412338e+01
1.275915551185607910e+01,3.209220612297178263e+02,8.285519359222600997e+02,2.820000000000000000e+02,8.130000000000000000e+02,4.191407354696018928e+01
1.277014732360839844e+01,3.204053907488482764e+02,8.282320922912456354e+02,2.810000000000000000e+02,8.130000000000000000e+02,4.224691060466364689e+01
1.278017163276672363e+01,3.198389149294375216e+02,8.278814167839913125e+02,2.810000000000000000e+02,8.120000000000000000e+02,4.196046605988696143e+01
1.279116225242614746e+01,3.193133172543236356e+02,8.275621284766791632e+02,2.800000000000000000e+02,8.120000000000000000e+02,4.228139964882630153e+01
1.280116915702819824e+01,3.187877070566310067e+02,8.272428325621930298e+02,2.800000000000000000e+02,8.120000000000000000e+02,4.167529439884108200e+01
1.281117630004882812e+01,3.182621093815171207e+02,8.269235442548808805e+02,2.790000000000000000e+02,8.120000000000000000e+02,4.200268332158795204e+01
1.282118320465087891e+01,3.177364866612457490e+02,8.266042407332206494e+02,2.780000000000000000e+02,8.110000000000000000e+02,4.269052237955941820e+01
1.283119058609008789e+01,3.172108889861318630e+02,8.262849524259085001e+02,2.780000000000000000e+02,8.110000000000000000e+02,4.208471914775056888e+01
1.284119749069213867e+01,3.166852662658604913e+02,8.259656489042482690e+02,2.770000000000000000e+02,8.110000000000000000e+02,4.241333523453999987e+01
1.285120487213134766e+01,3.161596560681678625e+02,8.256463529897621356e+02,2.770000000000000000e+02,8.110000000000000000e+02,4.180902198423099492e+01
1.286121201515197754e+01,3.156340583930539765e+02,8.253270646824499863e+02,2.760000000000000000e+02,8.100000000000000000e+02,4.249444077151760979e+01
1.287121891975402832e+01,3.151084481953613476e+02,8.250077687679638530e+02,2.760000000000000000e+02,8.100000000000000000e+02,4.188918528262317409e+01
1.288122606277465820e+01,3.145828379976687188e+02,8.246884728534777196e+02,2.750000000000000000e+02,8.100000000000000000e+02,4.222028302507028741e+01
1.289123320579528809e+01,3.140572277999760900e+02,8.243691769389915862e+02,2.750000000000000000e+02,8.090000000000000000e+02,4.197235570231025292e+01
1.290124034881591797e+01,3.135316176022834611e+02,8.240498810245054528e+02,2.740000000000000000e+02,8.090000000000000000e+02,4.229950010466951937e+01
1.291124749183654785e+01,3.130060074045908323e+02,8.237305851100193195e+02,2.730000000000000000e+02,8.090000000000000000e+02,4.263180463151541488e+01
1.292125463485717773e+01,3.124803972068982034e+02,8.234112891955331861e+02,2.730000000000000000e+02,8.090000000000000000e+02,4.202840729663387265e+01
1.293126177787780762e+01,3.119547995317843174e+02,8.230920008882210368e+02,2.720000000000000000e+02,8.080000000000000000e+02,4.271012170943951958e+01
1.294126868247985840e+01,3.114291768115129457e+02,8.227726973665608057e+02,2.720000000000000000e+02,8.080000000000000000e+02,4.210573086312055580e+01
1.295127606391906738e+01,3.109035666138203169e+02,8.224534014520746723e+02,2.710000000000000000e+02,8.080000000000000000e+02,4.244049295234952268e+01
1.296128320693969727e+01,3.103779689387064309e+02,8.221341131447625230e+02,2.710000000000000000e+02,8.080000000000000000e+02,4.183775319166502982e+01
1.297129011154174805e+01,3.098523336958563164e+02,8.218148020159283078e+02,2.700000000000000000e+02,8.070000000000000000e+02,4.251690087220654846e+01
1.298129773139953613e+01,3.093267485433211732e+02,8.214955213157901426e+02,2.690000000000000000e+02,8.070000000000000000e+02,4.285285038702539850e+01
1.299130439758300781e+01,3.088011383456285444e+02,8.211762254013040092e+02,2.690000000000000000e+02,8.070000000000000000e+02,4.225039621395804090e+01
1.300131154060363770e+01,3.082755031027784298e+02,8.208569142724697940e+02,2.680000000000000000e+02,8.060000000000000000e+02,4.292835952935345745e+01
1.301131916046142578e+01,3.077498428147708296e+02,8.205375879292876107e+02,2.680000000000000000e+02,8.060000000000000000e+02,4.232483274155678288e+01
1.302132725715637207e+01,3.072234186494597452e+02,8.202177975484911485e+02,2.670000000000000000e+02,8.060000000000000000e+02,4.266226875096526072e+01
1.303134989738464355e+01,3.066978209743458592e+02,8.198985092411789992e+02,2.670000000000000000e+02,8.060000000000000000e+02,4.206049868033368710e+01
1.304135680198669434e+01,3.061722358218107161e+02,8.195792285410408340e+02,2.660000000000000000e+02,8.050000000000000000e+02,4.273596185620574062e+01
1.305136346817016602e+01,3.056465880563818587e+02,8.192599098050326347e+02,2.660000000000000000e+02,8.050000000000000000e+02,4.213308643050146429e+01
1.306137132644653320e+01,3.051209402909530013e+02,8.189405910690244355e+02,2.650000000000000000e+02,8.050000000000000000e+02,4.247387348928727135e+01
1.307137918472290039e+01,3.045954177513116292e+02,8.186213484047563043e+02,2.640000000000000000e+02,8.040000000000000000e+02,4.314825340123024233e+01
1.308138465881347656e+01,3.040698075536190004e+02,8.183020524902701709e+02,2.640000000000000000e+02,8.040000000000000000e+02,4.254571873665440052e+01
1.309139180183410645e+01,3.035441597881901430e+02,8.179827337542619716e+02,2.630000000000000000e+02,8.040000000000000000e+02,4.288759419893906255e+01
1.310139966011047363e+01,3.030185871582337427e+02,8.176634606612977905e+02,2.630000000000000000e+02,8.030000000000000000e+02,4.262046922203671073e+01
1.311140608787536621e+01,3.024928893024899139e+02,8.173441114965935412e+02,2.620000000000000000e+02,8.030000000000000000e+02,4.295844059891384603e+01
1.312141489982604980e+01,3.019673166725335136e+02,8.170248384036293601e+02,2.620000000000000000e+02,8.030000000000000000e+02,4.235661098636779087e+01
1.313142132759094238e+01,3.014417565651558562e+02,8.167055729178391630e+02,2.610000000000000000e+02,8.030000000000000000e+02,4.270103515234183789e+01
1.314142751693725586e+01,3.009160837545695131e+02,8.163862389674829956e+02,2.610000000000000000e+02,8.020000000000000000e+02,4.242944277186932567e+01
1.315143585205078125e+01,3.003905486923493413e+02,8.160669886960408803e+02,2.600000000000000000e+02,8.020000000000000000e+02,4.277004319197708071e+01
1.316144156455993652e+01,2.998648758817629982e+02,8.157476547456847129e+02,2.590000000000000000e+02,8.020000000000000000e+02,4.311538115149212302e+01
1.317144989967346191e+01,2.993393282969640836e+02,8.154283968670686136e+02,2.590000000000000000e+02,8.010000000000000000e+02,4.284203594139618332e+01
1.318145585060119629e+01,2.988137180992714548e+02,8.151091009525824802e+02,2.580000000000000000e+02,8.010000000000000000e+02,4.318363480274630462e+01
1.319146299362182617e+01,2.982881079015788259e+02,8.147898050380963468e+02,2.580000000000000000e+02,8.010000000000000000e+02,4.258274722558380887e+01
1.320147013664245605e+01,2.977624350909924829e+02,8.144704710877401794e+02,2.570000000000000000e+02,8.000000000000000000e+02,4.325471821718989673e+01
1.321147847175598145e+01,2.972368499384573397e+02,8.141511903876020142e+02,2.570000000000000000e+02,8.000000000000000000e+02,4.265278750979933164e+01
1.322148513793945312e+01,2.967112021730284823e+02,8.138318716515938149e+02,2.560000000000000000e+02,8.000000000000000000e+02,4.299677494602779859e+01
1.323149299621582031e+01,2.961855919753358535e+02,8.135125757371076816e+02,2.560000000000000000e+02,8.000000000000000000e+02,4.239659780523961530e+01
1.324150013923645020e+01,2.956599943002219675e+02,8.131932874297955323e+02,2.550000000000000000e+02,7.990000000000000000e+02,4.306604862950482726e+01
1.325150704383850098e+01,2.951343841025293386e+02,8.128739915153093989e+02,2.540000000000000000e+02,7.990000000000000000e+02,4.341111834612529208e+01
1.326151418685913086e+01,2.945571307900895022e+02,8.125233236152291738e+02,2.540000000000000000e+02,7.990000000000000000e+02,4.275232320619127790e+01
1.327250456809997559e+01,2.940305563538334468e+02,8.122034419483446754e+02,2.530000000000000000e+02,7.980000000000000000e+02,4.341940024787421493e+01
1.328253006935119629e+01,2.935049586787195608e+02,8.118841536410325261e+02,2.530000000000000000e+02,7.980000000000000000e+02,4.281847031238476831e+01
1.329253697395324707e+01,2.929794486616569316e+02,8.115649185839383790e+02,2.520000000000000000e+02,7.980000000000000000e+02,4.316621629008329819e+01
1.330254220962524414e+01,2.924537633284918456e+02,8.112455770264082275e+02,2.520000000000000000e+02,7.970000000000000000e+02,4.288873316213666698e+01
1.331255078315734863e+01,2.919282282662716739e+02,8.109263267549661123e+02,2.510000000000000000e+02,7.970000000000000000e+02,4.323265485604746772e+01
1.332255649566650391e+01,2.914026305911577879e+02,8.106070384476539630e+02,2.510000000000000000e+02,7.970000000000000000e+02,4.263242960472101117e+01
1.333256340026855469e+01,2.908770078708864162e+02,8.102877349259937318e+02,2.500000000000000000e+02,7.960000000000000000e+02,4.330206856250600822e+01
1.334257078170776367e+01,2.903513350603000731e+02,8.099684009756375644e+02,2.490000000000000000e+02,7.960000000000000000e+02,4.364686858281353210e+01
1.335257911682128906e+01,2.898257123400287014e+02,8.096589221777207968e+02,2.490000000000000000e+02,7.960000000000000000e+02,4.305002837545876559e+01
1.336258649826049805e+01,2.893001397100723011e+02,8.093494728722324680e+02,2.480000000000000000e+02,7.950000000000000000e+02,4.372194999977044461e+01
1.337259292602539062e+01,2.887746046478521293e+02,8.090400456860654685e+02,2.480000000000000000e+02,7.950000000000000000e+02,4.312413787028616952e+01
1.338259863853454590e+01,2.882489193146870434e+02,8.087305300226131521e+02,2.470000000000000000e+02,7.950000000000000000e+02,4.347413943175233442e+01
1.339260721206665039e+01,2.877233842524668717e+02,8.084211028364461527e+02,2.470000000000000000e+02,7.950000000000000000e+02,4.287796667661060468e+01
1.340261292457580566e+01,2.871977490096167571e+02,8.081116166654222752e+02,2.460000000000000000e+02,7.940000000000000000e+02,4.354758602231818543e+01
1.341262054443359375e+01,2.866720761990304140e+02,8.078021083750770686e+02,2.460000000000000000e+02,7.940000000000000000e+02,4.295015690235727845e+01
1.342262887954711914e+01,2.861464785239165280e+02,8.074926443233745204e+02,2.450000000000000000e+02,7.940000000000000000e+02,4.330224180982105509e+01
1.343263578414916992e+01,2.856209434616963563e+02,8.071832171372075209e+02,2.450000000000000000e+02,7.930000000000000000e+02,4.302586078255156821e+01
1.344264149665832520e+01,2.850903578211045328e+02,8.068737088468623142e+02,2.440000000000000000e+02,7.930000000000000000e+02,4.336931291862844517e+01
1.345264983177185059e+01,2.845598859370224432e+02,8.065642669144810952e+02,2.440000000000000000e+02,7.930000000000000000e+02,4.276790483705693191e+01
1.346265602111816406e+01,2.840195390048151012e+02,8.062597077345096750e+02,2.430000000000000000e+02,7.920000000000000000e+02,4.342743193928443901e+01
1.347266316413879395e+01,2.834790890831750403e+02,8.059550905059488741e+02,2.420000000000000000e+02,7.920000000000000000e+02,4.376367651602405573e+01
1.348267221450805664e+01,2.829338039247043639e+02,8.056505168138301087e+02,2.420000000000000000e+02,7.920000000000000000e+02,4.314988891099027057e+01
1.349267983436584473e+01,2.823885967105088639e+02,8.053508984348577542e+02,2.410000000000000000e+02,7.910000000000000000e+02,4.380598387837839169e+01
1.350268602371215820e+01,2.818433505241757757e+02,8.050512586387648071e+02,2.410000000000000000e+02,7.910000000000000000e+02,4.319279050228350769e+01
1.351269292831420898e+01,2.812931791022919015e+02,8.047516117036316246e+02,2.400000000000000000e+02,7.910000000000000000e+02,4.352279247499424031e+01
1.352270007133483887e+01,2.807430994346298689e+02,8.044520147417799762e+02,2.400000000000000000e+02,7.900000000000000000e+02,4.323032363557740609e+01
1.353270554542541504e+01,2.801929017972540237e+02,8.041523535285663229e+02,2.390000000000000000e+02,7.900000000000000000e+02,4.355621963480918879e+01
1.354271316528320312e+01,2.796426648366402787e+02,8.038526708982320770e+02,2.390000000000000000e+02,7.900000000000000000e+02,4.293859215249379702e+01
1.355272150039672852e+01,2.790924540915185048e+02,8.035530025459781882e+02,2.380000000000000000e+02,7.890000000000000000e+02,4.359334428977437170e+01
1.356272935867309570e+01,2.785423875316024578e+02,8.032534127231667753e+02,2.380000000000000000e+02,7.890000000000000000e+02,4.297493410139877312e+01
1.357273459434509277e+01,2.779921505709887128e+02,8.029537300928325294e+02,2.370000000000000000e+02,7.890000000000000000e+02,4.330199755136280260e+01
1.358274292945861816e+01,2.774420709033266803e+02,8.026541331309808811e+02,2.370000000000000000e+02,7.880000000000000000e+02,4.301516844986444710e+01
1.359274840354919434e+01,2.768918732659508350e+02,8.023544719177672278e+02,2.360000000000000000e+02,7.880000000000000000e+02,4.333816058898384682e+01
1.360275602340698242e+01,2.763417149518129463e+02,8.020548321216742806e+02,2.360000000000000000e+02,7.880000000000000000e+02,4.271992826798489773e+01
1.361276292800903320e+01,2.757913993447233452e+02,8.017551066570987359e+02,2.350000000000000000e+02,7.870000000000000000e+02,4.337800632766627729e+01
1.362277269363403320e+01,2.752413327848072981e+02,8.014555168342873230e+02,2.340000000000000000e+02,7.870000000000000000e+02,4.370136721904230370e+01
1.363277792930603027e+01,2.746912269016532946e+02,8.011559055943552039e+02,2.340000000000000000e+02,7.870000000000000000e+02,4.308324047652555322e+01
1.364278388023376465e+01,2.741409768332935641e+02,8.008562158249807226e+02,2.330000000000000000e+02,7.860000000000000000e+02,4.374113765594129433e+01
1.365279245376586914e+01,2.735908185191556754e+02,8.005565760288877755e+02,2.330000000000000000e+02,7.860000000000000000e+02,4.312201820114431428e+01
1.366279935836791992e+01,2.730407257437476574e+02,8.002569719279958917e+02,2.320000000000000000e+02,7.860000000000000000e+02,4.344654667668277170e+01
1.367280507087707520e+01,2.724854437053342053e+02,7.999523039069194965e+02,2.320000000000000000e+02,7.850000000000000000e+02,4.315834269457835859e+01
1.368281579017639160e+01,2.719304922864063201e+02,7.996478172876846884e+02,2.310000000000000000e+02,7.850000000000000000e+02,4.347256318761250071e+01
1.369282054901123047e+01,2.713753557205665174e+02,7.993432290834185778e+02,2.310000000000000000e+02,7.850000000000000000e+02,4.284737530003101824e+01
1.370282864570617676e+01,2.708203117281826735e+02,7.990386916716681753e+02,2.300000000000000000e+02,7.840000000000000000e+02,4.350241483850648905e+01
1.371283507347106934e+01,2.702652412862399842e+02,7.987341397477704277e+02,2.300000000000000000e+02,7.840000000000000000e+02,4.287638662417757018e+01
1.372284197807312012e+01,2.697101840690767176e+02,7.984295950799463526e+02,2.290000000000000000e+02,7.840000000000000000e+02,4.319180826394421757e+01
1.373284864425659180e+01,2.691550607280163376e+02,7.981250141317539146e+02,2.290000000000000000e+02,7.830000000000000000e+02,4.290914767921212558e+01
1.374285650253295898e+01,2.686000035108530710e+02,7.978204694639298395e+02,2.280000000000000000e+02,7.830000000000000000e+02,4.322044192523438966e+01
1.375286316871643066e+01,2.680449066193515364e+02,7.975159030278847467e+02,2.280000000000000000e+02,7.820000000000000000e+02,4.294575407328770922e+01
1.376287055015563965e+01,2.674352707375094838e+02,7.971814125440422458e+02,2.270000000000000000e+02,7.820000000000000000e+02,4.319127697172305602e+01
1.377386116981506348e+01,2.668801870707873718e+02,7.968768533640708256e+02,2.270000000000000000e+02,7.820000000000000000e+02,4.256465771995660674e+01
1.378386831283569336e+01,2.663240850960497141e+02,7.965717354664271852e+02,2.260000000000000000e+02,7.810000000000000000e+02,4.322627423535187319e+01
1.379389381408691406e+01,2.657690675532247155e+02,7.962672125668241279e+02,2.250000000000000000e+02,7.810000000000000000e+02,4.353394823261488256e+01
1.380389976501464844e+01,2.651584530377053852e+02,7.959321851335303108e+02,2.250000000000000000e+02,7.810000000000000000e+02,4.284473717090131117e+01
1.381490802764892578e+01,2.646033958205421186e+02,7.956276404657062358e+02,2.240000000000000000e+02,7.800000000000000000e+02,4.350699827251928298e+01
1.382491469383239746e+01,2.640483253785994293e+02,7.953230885418084881e+02,2.240000000000000000e+02,7.800000000000000000e+02,4.287966194001852926e+01
1.383492159843444824e+01,2.634932813862155854e+02,7.950185511300580856e+02,2.230000000000000000e+02,7.800000000000000000e+02,4.318868735524851132e+01
1.384492802619934082e+01,2.629381977194934734e+02,7.947139919500866654e+02,2.230000000000000000e+02,7.790000000000000000e+02,4.291840141581163692e+01
1.385493516921997070e+01,2.623276228783124111e+02,7.943789862850138661e+02,2.220000000000000000e+02,7.790000000000000000e+02,4.316051883573726400e+01
1.386594271659851074e+01,2.617725392115902991e+02,7.940744271050424459e+02,2.220000000000000000e+02,7.780000000000000000e+02,4.289804287019177309e+01
1.387594985961914062e+01,2.612173761961916512e+02,7.937698243886289902e+02,2.210000000000000000e+02,7.780000000000000000e+02,4.319866559691630670e+01
1.388595843315124512e+01,2.606622528551312712e+02,7.934652434404365522e+02,2.210000000000000000e+02,7.780000000000000000e+02,4.257074178607103221e+01
1.389596629142761230e+01,2.601072353123062726e+02,7.931607205408334949e+02,2.200000000000000000e+02,7.770000000000000000e+02,4.324071244551394955e+01
1.390597224235534668e+01,2.594975862056847973e+02,7.928262228009173214e+02,2.200000000000000000e+02,7.770000000000000000e+02,4.255030721651463210e+01
1.391696310043334961e+01,2.589425025389626853e+02,7.925216636209459011e+02,2.190000000000000000e+02,7.770000000000000000e+02,4.285236925348277737e+01
1.392697024345397949e+01,2.583865195872398317e+02,7.922166110279652003e+02,2.190000000000000000e+02,7.760000000000000000e+02,4.259432354702148871e+01
1.393699359893798828e+01,2.578313433470617611e+02,7.919120010554780720e+02,2.180000000000000000e+02,7.760000000000000000e+02,4.289204693671143076e+01
1.394700241088867188e+01,2.572762861298984944e+02,7.916074563876539969e+02,2.180000000000000000e+02,7.760000000000000000e+02,4.226368828025044166e+01
1.395700907707214355e+01,2.567212421375146505e+02,7.913029189759035944e+02,2.170000000000000000e+02,7.750000000000000000e+02,4.293672372319466035e+01
1.396701550483703613e+01,2.561661584707925385e+02,7.909983597959321742e+02,2.170000000000000000e+02,7.750000000000000000e+02,4.230762916448205857e+01
1.397702264785766602e+01,2.556110483545115812e+02,7.906937861038134088e+02,2.160000000000000000e+02,7.740000000000000000e+02,4.298508632332065105e+01
1.398703026771545410e+01,2.550559382382306239e+02,7.903892124116946434e+02,2.160000000000000000e+02,7.740000000000000000e+02,4.235531365890389566e+01
1.399703788757324219e+01,2.545008942458467800e+02,7.900846749999442409e+02,2.150000000000000000e+02,7.740000000000000000e+02,4.265017486570719996e+01
1.400704431533813477e+01,2.538903590790039857e+02,7.897496911030924593e+02,2.150000000000000000e+02,7.730000000000000000e+02,4.234397455769690310e+01
1.401805114746093750e+01,2.533352225131641831e+02,7.894451028988263488e+02,2.140000000000000000e+02,7.730000000000000000e+02,4.263450644153306968e+01
1.402805924415588379e+01,2.527801520712214938e+02,7.891405509749286011e+02,2.130000000000000000e+02,7.730000000000000000e+02,4.292991829230258816e+01
1.403806614875793457e+01,2.522251080788376498e+02,7.888360135631781986e+02,2.130000000000000000e+02,7.720000000000000000e+02,4.268560010701518337e+01
1.404807257652282715e+01,2.516699186138801565e+02,7.885313963346173978e+02,2.120000000000000000e+02,7.720000000000000000e+02,4.297661582307379291e+01
1.405808162689208984e+01,2.510594363461550529e+02,7.881964414620603065e+02,2.120000000000000000e+02,7.710000000000000000e+02,4.267736128953388430e+01
1.406908750534057617e+01,2.505043394546535183e+02,7.878918750260152137e+02,2.110000000000000000e+02,7.710000000000000000e+02,4.296426745148823301e+01
1.407909488677978516e+01,2.499491896640342929e+02,7.875872795656754306e+02,2.110000000000000000e+02,7.710000000000000000e+02,4.233411412649129346e+01
1.408910322189331055e+01,2.493941456716504490e+02,7.872827421539250281e+02,2.100000000000000000e+02,7.700000000000000000e+02,4.301850636131236882e+01
1.409910964965820312e+01,2.488390355553694917e+02,7.869781684618062627e+02,2.100000000000000000e+02,7.700000000000000000e+02,4.238783890679882660e+01
1.410911726951599121e+01,2.482839651134268024e+02,7.866736165379085151e+02,2.090000000000000000e+02,7.700000000000000000e+02,4.267598157612957266e+01
1.411912417411804199e+01,2.477288682219252678e+02,7.863690501018634222e+02,2.090000000000000000e+02,7.690000000000000000e+02,4.244536647494393833e+01
1.412913155555725098e+01,2.471737581056443105e+02,7.860644764097446568e+02,2.080000000000000000e+02,7.690000000000000000e+02,4.272914320763131002e+01
1.413913917541503906e+01,2.466187273380398892e+02,7.857599462540679269e+02,2.080000000000000000e+02,7.680000000000000000e+02,4.250672643426273822e+01
1.414914536476135254e+01,2.460636965704354679e+02,7.854554160983911970e+02,2.070000000000000000e+02,7.680000000000000000e+02,4.278625878614565181e+01
1.415915155410766602e+01,2.455086129037133560e+02,7.851508569184197768e+02,2.070000000000000000e+02,7.680000000000000000e+02,4.215525069079943421e+01
1.416915869712829590e+01,2.449534498883147080e+02,7.848462542020063211e+02,2.060000000000000000e+02,7.670000000000000000e+02,4.284693743132726240e+01
1.417916727066040039e+01,2.443983397720337507e+02,7.845416805098875557e+02,2.060000000000000000e+02,7.670000000000000000e+02,4.221543618582565216e+01
1.418917489051818848e+01,2.438433354539881748e+02,7.842371648663581709e+02,2.050000000000000000e+02,7.660000000000000000e+02,4.291152399477072521e+01
1.419918060302734375e+01,2.432882385624866401e+02,7.839325984303130781e+02,2.050000000000000000e+02,7.660000000000000000e+02,4.227963219661160110e+01
1.420918798446655273e+01,2.427331681205439509e+02,7.836280465064153304e+02,2.040000000000000000e+02,7.660000000000000000e+02,4.255592010856614138e+01
1.421919488906860352e+01,2.421780051051453029e+02,7.833234437900018747e+02,2.040000000000000000e+02,7.650000000000000000e+02,4.234747532184013608e+01
1.422920346260070801e+01,2.416229214384231909e+02,7.830188846100304545e+02,2.030000000000000000e+02,7.650000000000000000e+02,4.261936488297546788e+01
1.423921060562133789e+01,2.410679303451570377e+02,7.827143762225747423e+02,2.030000000000000000e+02,7.650000000000000000e+02,4.198769397952987248e+01
1.424921607971191406e+01,2.405128466784349257e+02,7.824098170426033221e+02,2.020000000000000000e+02,7.640000000000000000e+02,4.268677456565163908e+01
1.425922322273254395e+01,2.399575514152420510e+02,7.821051417654532543e+02,2.020000000000000000e+02,7.640000000000000000e+02,4.205439177764795033e+01
1.426923418045043945e+01,2.394025338724170524e+02,7.818006188658501969e+02,2.010000000000000000e+02,7.630000000000000000e+02,4.275766454755336099e+01
1.427924013137817383e+01,2.388475560039303218e+02,7.814961177344680436e+02,2.010000000000000000e+02,7.630000000000000000e+02,4.212533521193564923e+01
1.428924536705017090e+01,2.382924855619876325e+02,7.811915658105702960e+02,2.000000000000000000e+02,7.630000000000000000e+02,4.239395613947041852e+01
1.429925227165222168e+01,2.377373622209272526e+02,7.808869848623778580e+02,2.000000000000000000e+02,7.620000000000000000e+02,4.219984247109410802e+01
1.430926012992858887e+01,2.371823050037639860e+02,7.805824401945537829e+02,1.990000000000000000e+02,7.620000000000000000e+02,4.246404948876907071e+01
1.431926679611206055e+01,2.366272081122624513e+02,7.802778737585086901e+02,1.990000000000000000e+02,7.610000000000000000e+02,4.227816465946111890e+01
1.432927417755126953e+01,2.360722170189962981e+02,7.799733653710529779e+02,1.980000000000000000e+02,7.610000000000000000e+02,4.253801008797923799e+01
1.433927965164184570e+01,2.355171465770536088e+02,7.796688134471552303e+02,1.980000000000000000e+02,7.610000000000000000e+02,4.190538011769860560e+01
1.434928655624389648e+01,2.349620232359932288e+02,7.793642324989627923e+02,1.970000000000000000e+02,7.600000000000000000e+02,4.261559231600537601e+01
1.435929441452026367e+01,2.344069131197122715e+02,7.790596588068440269e+02,1.970000000000000000e+02,7.600000000000000000e+02,4.198270766612140648e+01
1.436930203437805176e+01,2.338518426777695822e+02,7.787551068829462793e+02,1.970000000000000000e+02,7.590000000000000000e+02,4.181294723771227950e+01
1.437930893898010254e+01,2.332968251349445836e+02,7.784505839833432219e+02,1.960000000000000000e+02,7.590000000000000000e+02,4.206397963150564578e+01
1.438931488990783691e+01,2.327416488947665130e+02,7.781459740108560936e+02,1.960000000000000000e+02,7.590000000000000000e+02,4.143087115099891804e+01
1.439932370185852051e+01,2.321865916776032464e+02,7.778414293430320186e+02,1.950000000000000000e+02,7.580000000000000000e+02,4.214884243928085539e+01
1.440933036804199219e+01,2.316315741347782478e+02,7.775369064434289612e+02,1.950000000000000000e+02,7.580000000000000000e+02,4.151581550410699606e+01
1.441933631896972656e+01,2.310765036928355585e+02,7.772323545195312136e+02,1.940000000000000000e+02,7.570000000000000000e+02,4.223760522909465465e+01
1.442934322357177734e+01,2.305213935765546012e+02,7.769277808274124482e+02,1.940000000000000000e+02,7.570000000000000000e+02,4.160443050300040824e+01
1.443935084342956543e+01,2.299662570107147985e+02,7.766231926231463376e+02,1.930000000000000000e+02,7.570000000000000000e+02,4.185180815815878219e+01
1.444935894012451172e+01,2.294112394678897999e+02,7.763186697235432803e+02,1.930000000000000000e+02,7.560000000000000000e+02,4.169684279321937481e+01
1.445936489105224609e+01,2.288561558011676880e+02,7.760141105435718600e+02,1.920000000000000000e+02,7.560000000000000000e+02,4.193972867449502928e+01
1.446937203407287598e+01,2.283010721344455760e+02,7.757095513636004398e+02,1.920000000000000000e+02,7.550000000000000000e+02,4.179298213566275422e+01
1.447937917709350586e+01,2.277459091190469280e+02,7.754049486471869841e+02,1.910000000000000000e+02,7.550000000000000000e+02,4.203122370666352481e+01
1.448938775062561035e+01,2.271909048010013521e+02,7.751004330036575993e+02,1.910000000000000000e+02,7.550000000000000000e+02,4.139817625511624755e+01
1.449939346313476562e+01,2.266357550103821268e+02,7.747958375433178162e+02,1.900000000000000000e+02,7.540000000000000000e+02,4.212654037906276727e+01
1.450940179824829102e+01,2.260806581188805922e+02,7.744912711072727234e+02,1.900000000000000000e+02,7.540000000000000000e+02,4.149344625218895999e+01
1.451940917968750000e+01,2.255255876769379029e+02,7.741867191833749757e+02,1.890000000000000000e+02,7.530000000000000000e+02,4.222553285514425880e+01
1.452941608428955078e+01,2.249705304597746363e+02,7.738821745155509007e+02,1.890000000000000000e+02,7.530000000000000000e+02,4.159259878939398902e+01
1.453942275047302246e+01,2.244154864673907923e+02,7.735776371038004982e+02,1.880000000000000000e+02,7.530000000000000000e+02,4.182734516357007237e+01
1.454942917823791504e+01,2.238603366767715670e+02,7.732730416434607150e+02,1.880000000000000000e+02,7.520000000000000000e+02,4.169539599687023212e+01
1.455943751335144043e+01,2.233052265604906097e+02,7.729684679513419496e+02,1.870000000000000000e+02,7.520000000000000000e+02,4.192548298869086665e+01
1.456944513320922852e+01,2.227502090176656111e+02,7.726639450517388923e+02,1.870000000000000000e+02,7.510000000000000000e+02,4.180196119814884526e+01
1.457945108413696289e+01,2.221950724518258085e+02,7.723593568474727817e+02,1.860000000000000000e+02,7.510000000000000000e+02,4.202743621410425590e+01
1.458945918083190918e+01,2.216400152346625418e+02,7.720548121796487067e+02,1.860000000000000000e+02,7.500000000000000000e+02,4.191211550621799375e+01
1.459946584701538086e+01,2.210849447927198526e+02,7.717502602557509590e+02,1.860000000000000000e+02,7.500000000000000000e+02,4.127986400536101286e+01
1.460947275161743164e+01,2.205298875755565859e+02,7.714457155879268839e+02,1.850000000000000000e+02,7.500000000000000000e+02,4.150050154166742544e+01
1.461947941780090332e+01,2.199747774592756286e+02,7.711411418958081185e+02,1.850000000000000000e+02,7.490000000000000000e+02,4.139402399835227442e+01
1.462948703765869141e+01,2.194197202421123620e+02,7.708365972279840435e+02,1.840000000000000000e+02,7.490000000000000000e+02,4.161001755018500603e+01
1.463949370384216309e+01,2.188646498001696727e+02,7.705320453040862958e+02,1.840000000000000000e+02,7.480000000000000000e+02,4.151188831255292655e+01
1.464950060844421387e+01,2.183094603352121794e+02,7.702274280755254949e+02,1.830000000000000000e+02,7.480000000000000000e+02,4.172309370140931151e+01
1.465950965881347656e+01,2.177544295676077581e+02,7.699228979198487650e+02,1.830000000000000000e+02,7.480000000000000000e+02,4.109116483836784539e+01
1.466951584815979004e+01,2.171993723504444915e+02,7.696183532520246899e+02,1.820000000000000000e+02,7.470000000000000000e+02,4.184000140653214572e+01
1.467952251434326172e+01,2.166442754589429569e+02,7.693137868159795971e+02,1.820000000000000000e+02,7.470000000000000000e+02,4.120838390599784873e+01
1.468952989578247070e+01,2.160892579161179583e+02,7.690092639163765398e+02,1.810000000000000000e+02,7.460000000000000000e+02,4.196048435227260143e+01
1.469953584671020508e+01,2.155341610246164237e+02,7.687046974803314470e+02,1.810000000000000000e+02,7.460000000000000000e+02,4.132930637389775086e+01
1.470954322814941406e+01,2.149790905826737344e+02,7.684001455564336993e+02,1.800000000000000000e+02,7.450000000000000000e+02,4.208448158232649661e+01
1.471955013275146484e+01,2.144239407920545091e+02,7.680955500960939162e+02,1.800000000000000000e+02,7.450000000000000000e+02,4.145373486063780888e+01
1.472955846786499023e+01,2.138688703501118198e+02,7.677909981721961685e+02,1.790000000000000000e+02,7.450000000000000000e+02,4.165654471002073223e+01
1.473956537246704102e+01,2.133138131329485532e+02,7.674864535043720934e+02,1.790000000000000000e+02,7.440000000000000000e+02,4.158186227113866096e+01
1.474957203865051270e+01,2.127587691405647092e+02,7.671819160926216910e+02,1.780000000000000000e+02,7.440000000000000000e+02,4.178005823227663029e+01
1.475957846641540527e+01,2.122035796756072159e+02,7.668772988640608901e+02,1.780000000000000000e+02,7.430000000000000000e+02,4.171343025536613425e+01
1.476958751678466797e+01,2.116485621327822173e+02,7.665727759644578327e+02,1.780000000000000000e+02,7.430000000000000000e+02,4.108407842795340059e+01
1.477959346771240234e+01,2.110389130261607420e+02,7.662382782245416593e+02,1.770000000000000000e+02,7.420000000000000000e+02,4.178686074943684758e+01
1.479058432579040527e+01,2.104838293594386300e+02,7.659337190445702390e+02,1.770000000000000000e+02,7.420000000000000000e+02,4.115810656330570794e+01
1.480059146881103516e+01,2.099277935085980573e+02,7.656286374272948478e+02,1.760000000000000000e+02,7.420000000000000000e+02,4.134498372272781097e+01
1.481061577796936035e+01,2.093727627409936360e+02,7.653241072716181179e+02,1.760000000000000000e+02,7.410000000000000000e+02,4.129653118032843651e+01
1.482062196731567383e+01,2.088175732760361427e+02,7.650194900430573171e+02,1.750000000000000000e+02,7.410000000000000000e+02,4.147968375251435447e+01
1.483063101768493652e+01,2.082625821827699895e+02,7.647149816556016049e+02,1.750000000000000000e+02,7.400000000000000000e+02,4.143947021502870598e+01
1.484063649177551270e+01,2.077074588417096095e+02,7.644104007074091669e+02,1.740000000000000000e+02,7.400000000000000000e+02,4.161803027849623504e+01
1.485064435005187988e+01,2.071523090510903842e+02,7.641058052470693838e+02,1.740000000000000000e+02,7.390000000000000000e+02,4.158577945070629767e+01
1.486065268516540527e+01,2.065973444073830763e+02,7.638013113717609031e+02,1.730000000000000000e+02,7.390000000000000000e+02,4.175986825874036867e+01
1.487065768241882324e+01,2.059866505431871815e+02,7.634662404020251643e+02,1.730000000000000000e+02,7.390000000000000000e+02,4.106964856762277805e+01
1.488166737556457520e+01,2.054314743030091108e+02,7.631616304295380360e+02,1.720000000000000000e+02,7.380000000000000000e+02,4.184221695782159145e+01
1.489167618751525879e+01,2.048765361088606483e+02,7.628571510663769004e+02,1.720000000000000000e+02,7.380000000000000000e+02,4.121582930930664190e+01
1.490168070793151855e+01,2.043213598686825776e+02,7.625525410938897721e+02,1.720000000000000000e+02,7.370000000000000000e+02,4.120197398324272342e+01
1.491168951988220215e+01,2.037664084497546924e+02,7.622480544746549640e+02,1.710000000000000000e+02,7.370000000000000000e+02,4.136546600065446455e+01
1.492169427871704102e+01,2.031567461183537944e+02,7.619135494786651179e+02,1.710000000000000000e+02,7.360000000000000000e+02,4.129852742536333210e+01
1.493268537521362305e+01,2.026016756764111051e+02,7.616089975547673703e+02,1.700000000000000000e+02,7.360000000000000000e+02,4.145708639870844081e+01
1.494269227981567383e+01,2.020465787849095705e+02,7.613044311187222775e+02,1.700000000000000000e+02,7.350000000000000000e+02,4.145969498557630573e+01
1.495269966125488281e+01,2.014914951181874585e+02,7.609998719387508572e+02,1.690000000000000000e+02,7.350000000000000000e+02,4.161358667366517494e+01
1.496270680427551270e+01,2.009364246762447692e+02,7.606953200148531096e+02,1.690000000000000000e+02,7.340000000000000000e+02,4.162421568987063836e+01
1.497271370887756348e+01,2.003813277847432346e+02,7.603907535788080168e+02,1.680000000000000000e+02,7.340000000000000000e+02,4.177346362896368959e+01
1.498272109031677246e+01,1.998262573428005453e+02,7.600862016549102691e+02,1.680000000000000000e+02,7.340000000000000000e+02,4.115094863099523792e+01
1.499272799491882324e+01,1.992711736760784333e+02,7.597816424749388489e+02,1.670000000000000000e+02,7.330000000000000000e+02,4.193667874411451635e+01
1.500273513793945312e+01,1.987160767845768987e+02,7.594770760388937560e+02,1.670000000000000000e+02,7.330000000000000000e+02,4.131519190533355612e+01
1.501274251937866211e+01,1.981610063426342094e+02,7.591725241149960084e+02,1.670000000000000000e+02,7.320000000000000000e+02,4.134433919009625669e+01
1.502274942398071289e+01,1.976059226759120975e+02,7.588679649350245882e+02,1.660000000000000000e+02,7.320000000000000000e+02,4.148279026229365485e+01
1.503275656700134277e+01,1.970508522339694082e+02,7.585634130111268405e+02,1.660000000000000000e+02,7.310000000000000000e+02,4.151984057384805737e+01
1.504276347160339355e+01,1.965006677043395769e+02,7.582539342132100728e+02,1.650000000000000000e+02,7.310000000000000000e+02,4.165415940716130905e+01
1.505277085304260254e+01,1.959504962824557026e+02,7.579444627884004149e+02,1.650000000000000000e+02,7.300000000000000000e+02,4.169923525273095066e+01
1.506277799606323242e+01,1.954052371054100945e+02,7.576349913635907569e+02,1.640000000000000000e+02,7.300000000000000000e+02,4.183278218470249499e+01
1.507278513908386230e+01,1.948599779283644864e+02,7.573255199387810990e+02,1.640000000000000000e+02,7.300000000000000000e+02,4.121919792601339338e+01
1.508279228210449219e+01,1.943147317420313982e+02,7.570111437592737502e+02,1.640000000000000000e+02,7.290000000000000000e+02,4.127477601749071567e+01
1.509279918670654297e+01,1.937694725649857901e+02,7.566967600896258546e+02,1.630000000000000000e+02,7.290000000000000000e+02,4.139892464049887622e+01
1.510280632972717285e+01,1.932242003972276336e+02,7.563823689298374120e+02,1.630000000000000000e+02,7.280000000000000000e+02,4.146156238880989520e+01
1.511281371116638184e+01,1.926789542108945454e+02,7.560679927503300632e+02,1.620000000000000000e+02,7.280000000000000000e+02,4.158137141204874609e+01
1.512282061576843262e+01,1.921336950338489373e+02,7.557536090806821676e+02,1.620000000000000000e+02,7.270000000000000000e+02,4.165104574386698744e+01
1.513282775878906250e+01,1.915884358568033292e+02,7.554392254110342719e+02,1.610000000000000000e+02,7.270000000000000000e+02,4.176651709378445076e+01
1.514283490180969238e+01,1.910422933113056274e+02,7.551194122087158576e+02,1.610000000000000000e+02,7.260000000000000000e+02,4.183873271005742112e+01
1.515285825729370117e+01,1.904970341342600193e+02,7.548001162942297242e+02,1.600000000000000000e+02,7.260000000000000000e+02,4.194658257292692838e+01
1.516286540031433105e+01,1.899517229943642747e+02,7.544807899510475409e+02,1.600000000000000000e+02,7.260000000000000000e+02,4.133111547692391952e+01
1.517287349700927734e+01,1.894064508266061182e+02,7.541614864293873097e+02,1.600000000000000000e+02,7.250000000000000000e+02,4.141414783608306749e+01
1.518288087844848633e+01,1.888612306216980983e+02,7.538422133364231286e+02,1.590000000000000000e+02,7.250000000000000000e+02,4.151585678251123568e+01
1.519288730621337891e+01,1.883209094368488934e+02,7.535229326362849633e+02,1.590000000000000000e+02,7.240000000000000000e+02,4.160912498059187214e+01
1.520289397239685059e+01,1.877903364358692500e+02,7.532036062931027800e+02,1.580000000000000000e+02,7.240000000000000000e+02,4.171708002107567381e+01
1.521290206909179688e+01,1.872598266329505634e+02,7.528843179857906307e+02,1.580000000000000000e+02,7.230000000000000000e+02,4.182355695139011686e+01
1.522290897369384766e+01,1.867341788675217060e+02,7.525600866538438822e+02,1.570000000000000000e+02,7.230000000000000000e+02,4.192755795307584776e+01
1.523291683197021484e+01,1.862085686698290772e+02,7.522358784945195112e+02,1.570000000000000000e+02,7.220000000000000000e+02,4.203984814524748259e+01
1.524292397499084473e+01,1.856829709947151912e+02,7.519116780594025613e+02,1.570000000000000000e+02,7.220000000000000000e+02,4.144178216984662555e+01
1.525293087959289551e+01,1.851573733196013052e+02,7.515874776242856115e+02,1.560000000000000000e+02,7.210000000000000000e+02,4.225809042437638396e+01
1.526293778419494629e+01,1.846317756444874192e+02,7.512632771891686616e+02,1.560000000000000000e+02,7.210000000000000000e+02,4.166106723050573635e+01
1.527294468879699707e+01,1.841110776916330565e+02,7.509488935195207659e+02,1.550000000000000000e+02,7.200000000000000000e+02,4.248869090064943776e+01
1.528295183181762695e+01,1.835953411376643487e+02,7.506492751405484114e+02,1.550000000000000000e+02,7.200000000000000000e+02,4.191743791574620559e+01
1.529295802116394043e+01,1.830794939870889664e+02,7.503495925102141655e+02,1.540000000000000000e+02,7.200000000000000000e+02,4.203230586205319241e+01
1.530296635627746582e+01,1.825637328560965500e+02,7.501531120793598575e+02,1.540000000000000000e+02,7.190000000000000000e+02,4.226586361241902523e+01
1.531297302246093750e+01,1.820479102825448763e+02,7.499566082418164115e+02,1.540000000000000000e+02,7.190000000000000000e+02,4.177315962499104529e+01
1.532298088073730469e+01,1.815322105941117172e+02,7.497601512176513552e+02,1.530000000000000000e+02,7.180000000000000000e+02,4.269419453221739502e+01
1.533298635482788086e+01,1.810213006164986211e+02,7.494703080572746785e+02,1.530000000000000000e+02,7.180000000000000000e+02,4.213755542814453747e+01
1.534299421310424805e+01,1.805104028103639280e+02,7.491804718018713629e+02,1.520000000000000000e+02,7.170000000000000000e+02,4.299332313046114251e+01
1.535300183296203613e+01,1.799995902045780838e+02,7.488906838812813476e+02,1.520000000000000000e+02,7.170000000000000000e+02,4.243810516552456846e+01
1.536300778388977051e+01,1.794887167414001965e+02,7.486892818429131466e+02,1.510000000000000000e+02,7.160000000000000000e+02,4.336122840715132298e+01
1.537301492691040039e+01,1.789778067637871004e+02,7.484878654094310377e+02,1.510000000000000000e+02,7.160000000000000000e+02,4.287445708312954196e+01
1.538302278518676758e+01,1.784718575998924450e+02,7.483355894474821071e+02,1.510000000000000000e+02,7.150000000000000000e+02,4.319681103738849970e+01
1.539302968978881836e+01,1.779658843271078581e+02,7.481833062294596175e+02,1.500000000000000000e+02,7.150000000000000000e+02,4.339611155985372903e+01
1.540303707122802734e+01,1.774599713265480716e+02,7.480310411516212525e+02,1.500000000000000000e+02,7.140000000000000000e+02,4.372827217165321656e+01
1.541304326057434082e+01,1.769539257270937185e+02,7.478787361653777452e+02,1.490000000000000000e+02,7.140000000000000000e+02,4.392255374769488441e+01
1.542305207252502441e+01,1.764480488898688293e+02,7.477264819716498323e+02,1.490000000000000000e+02,7.130000000000000000e+02,4.426425124169560377e+01
1.543305754661560059e+01,1.759420394537493735e+02,7.475741878695167770e+02,1.490000000000000000e+02,7.130000000000000000e+02,4.383204258033190115e+01
1.544306564331054688e+01,1.754361143987446212e+02,7.474219191636415189e+02,1.480000000000000000e+02,7.120000000000000000e+02,4.480460613080485643e+01
1.545307207107543945e+01,1.749301170170701027e+02,7.472696286895453568e+02,1.480000000000000000e+02,7.120000000000000000e+02,4.437542011577455980e+01
1.546307992935180664e+01,1.744242160709552820e+02,7.471173672397437713e+02,1.470000000000000000e+02,7.120000000000000000e+02,4.455689743415121029e+01
1.547308588027954102e+01,1.739182186892807636e+02,7.469650767656476091e+02,1.470000000000000000e+02,7.110000000000000000e+02,4.492301463796557925e+01
1.548309373855590820e+01,1.734122092531613077e+02,7.468127826635145539e+02,1.470000000000000000e+02,7.110000000000000000e+02,4.449899099684068915e+01
1.549310183525085449e+01,1.729063324159364186e+02,7.466605284697866409e+02,1.460000000000000000e+02,7.100000000000000000e+02,4.547466406429967378e+01
1.550310730934143066e+01,1.724002747620370997e+02,7.465082198555062405e+02,1.460000000000000000e+02,7.100000000000000000e+02,4.505357504714840644e+01
1.551311635971069336e+01,1.718942894348075470e+02,7.463559330094468578e+02,1.450000000000000000e+02,7.090000000000000000e+02,4.603008293724314370e+01
1.552312397956848145e+01,1.713884487609175267e+02,7.461300235822726563e+02,1.450000000000000000e+02,7.090000000000000000e+02,4.555204582922366541e+01
1.553312873840332031e+01,1.708824272703531051e+02,7.459040334020205592e+02,1.440000000000000000e+02,7.080000000000000000e+02,4.646913646806140719e+01
1.554313707351684570e+01,1.703765022153483528e+02,7.456633506088629701e+02,1.440000000000000000e+02,7.080000000000000000e+02,4.598095092755711022e+01
1.555314350128173828e+01,1.698705651058986632e+02,7.454226620810665054e+02,1.440000000000000000e+02,7.070000000000000000e+02,4.632048251361774760e+01
1.556315016746520996e+01,1.693645677242241447e+02,7.451819448800757755e+02,1.430000000000000000e+02,7.070000000000000000e+02,4.639990674678502103e+01
1.557315802574157715e+01,1.688088578115313112e+02,7.449175780284064103e+02,1.430000000000000000e+02,7.060000000000000000e+02,4.669769824234318634e+01
1.558414912223815918e+01,1.683029086476366558e+02,7.446768837659710698e+02,1.420000000000000000e+02,7.060000000000000000e+02,4.677332937874270868e+01
1.559415602684020996e+01,1.677969474292970347e+02,7.443526756066466987e+02,1.420000000000000000e+02,7.050000000000000000e+02,4.705438953032842164e+01
1.560416316986083984e+01,1.672909862109574135e+02,7.440088184679692631e+02,1.420000000000000000e+02,7.050000000000000000e+02,4.649001937824738917e+01
1.561417031288146973e+01,1.667850249926177923e+02,7.436649613292918275e+02,1.410000000000000000e+02,7.040000000000000000e+02,4.730937191639876715e+01
1.562417745590209961e+01,1.662790637742781712e+02,7.433211041906143919e+02,1.410000000000000000e+02,7.040000000000000000e+02,4.674591212152326136e+01
1.563418459892272949e+01,1.657731025559385500e+02,7.429772470519369563e+02,1.400000000000000000e+02,7.030000000000000000e+02,4.756504070439263643e+01
1.564419174194335938e+01,1.652671413375989289e+02,7.426333899132595207e+02,1.400000000000000000e+02,7.030000000000000000e+02,4.700248958715550884e+01
1.565419888496398926e+01,1.647611680648143420e+02,7.422895245822409152e+02,1.400000000000000000e+02,7.020000000000000000e+02,4.729018116900142132e+01
1.566420626640319824e+01,1.642552068464747208e+02,7.419456674435634795e+02,1.390000000000000000e+02,7.020000000000000000e+02,4.725972725661872431e+01
1.567421340942382812e+01,1.637492576825800654e+02,7.416018184972273275e+02,1.390000000000000000e+02,7.010000000000000000e+02,4.755032514211169570e+01
1.568422031402587891e+01,1.632433085186854100e+02,7.412383210396719733e+02,1.380000000000000000e+02,7.010000000000000000e+02,4.750102214754166141e+01
1.569422721862792969e+01,1.627365396525334234e+02,7.408742346698152232e+02,1.380000000000000000e+02,7.000000000000000000e+02,4.777655757612181731e+01
1.570425033569335938e+01,1.621799738742483612e+02,7.404743718776492187e+02,1.380000000000000000e+02,7.000000000000000000e+02,4.714706688066156914e+01
1.571525835990905762e+01,1.616739523836839396e+02,7.401255609472601691e+02,1.370000000000000000e+02,6.990000000000000000e+02,4.795952136394934229e+01
1.572526669502258301e+01,1.611680634920140847e+02,7.397768414199925928e+02,1.370000000000000000e+02,6.990000000000000000e+02,4.740090810464761262e+01
1.573527240753173828e+01,1.606620299470046973e+02,7.394280221802288224e+02,1.360000000000000000e+02,6.980000000000000000e+02,4.821303498922762998e+01
1.574528098106384277e+01,1.601560325653301788e+02,7.390792278685891006e+02,1.360000000000000000e+02,6.980000000000000000e+02,4.765518724731610689e+01
1.575528883934020996e+01,1.596501677825502270e+02,7.387207023429294850e+02,1.360000000000000000e+02,6.970000000000000000e+02,4.795776725547279540e+01
1.576529407501220703e+01,1.591441221830958739e+02,7.383620486656462845e+02,1.350000000000000000e+02,6.970000000000000000e+02,4.789319059962025449e+01
1.577530288696289062e+01,1.586382091825360874e+02,7.380034889662204023e+02,1.350000000000000000e+02,6.960000000000000000e+02,4.819811219013388381e+01
1.578530907630920410e+01,1.581322359097515005e+02,7.376448865495866585e+02,1.350000000000000000e+02,6.960000000000000000e+02,4.763818755906169855e+01
1.579531645774841309e+01,1.576262385280769820e+02,7.372862670460697245e+02,1.340000000000000000e+02,6.950000000000000000e+02,4.843890510402884075e+01
1.580532431602478027e+01,1.571203496364071270e+02,7.369277244335270325e+02,1.340000000000000000e+02,6.950000000000000000e+02,4.787989811479856428e+01
1.581533002853393555e+01,1.566144004725124717e+02,7.365789633593860799e+02,1.330000000000000000e+02,6.940000000000000000e+02,4.868889021569643205e+01
1.582533693313598633e+01,1.561084030908379532e+02,7.362301690477463580e+02,1.330000000000000000e+02,6.940000000000000000e+02,4.813923006457294207e+01
1.583534479141235352e+01,1.556025021447231325e+02,7.358814412111040610e+02,1.330000000000000000e+02,6.930000000000000000e+02,4.847361244577907513e+01
1.584535074234008789e+01,1.550962275108145150e+02,7.355324557838466717e+02,1.320000000000000000e+02,6.930000000000000000e+02,4.839881734336260877e+01
1.585536408424377441e+01,1.545905797080438617e+02,7.351839024440727144e+02,1.320000000000000000e+02,6.920000000000000000e+02,4.873585663394737821e+01
1.586536502838134766e+01,1.540845461630344744e+02,7.348350832043089440e+02,1.310000000000000000e+02,6.920000000000000000e+02,4.865943510433860553e+01
1.587537360191345215e+01,1.535785969991398190e+02,7.344863221301679914e+02,1.310000000000000000e+02,6.910000000000000000e+02,4.899850257771459638e+01
1.588538050651550293e+01,1.530726478352451636e+02,7.341375610560270388e+02,1.310000000000000000e+02,6.910000000000000000e+02,4.845669155360499047e+01
1.589538741111755371e+01,1.525764874658258918e+02,7.337936875326671498e+02,1.300000000000000000e+02,6.900000000000000000e+02,4.927052723488434083e+01
1.590539503097534180e+01,1.520803625575408375e+02,7.334498385863309977e+02,1.300000000000000000e+02,6.900000000000000000e+02,4.873839229858397459e+01
1.591540193557739258e+01,1.515841903677435027e+02,7.331059568706298251e+02,1.300000000000000000e+02,6.890000000000000000e+02,4.910410069744531825e+01
1.592540979385375977e+01,1.510930712140202274e+02,7.327523510799491078e+02,1.290000000000000000e+02,6.890000000000000000e+02,4.901399821164248749e+01
1.593541479110717773e+01,1.506018467301953478e+02,7.323986694515951967e+02,1.290000000000000000e+02,6.880000000000000000e+02,4.937490892373234175e+01
1.594542193412780762e+01,1.501203779203805766e+02,7.320301984236757562e+02,1.280000000000000000e+02,6.880000000000000000e+02,4.927443041343775576e+01
1.595543050765991211e+01,1.496389435183990031e+02,7.316617537282817239e+02,1.280000000000000000e+02,6.870000000000000000e+02,4.962777571761753848e+01
1.596543836593627930e+01,1.491576352784724691e+02,7.312934055854807411e+02,1.280000000000000000e+02,6.870000000000000000e+02,4.908718069859746436e+01
1.597544360160827637e+01,1.486811134724294732e+02,7.309937372332268524e+02,1.270000000000000000e+02,6.860000000000000000e+02,4.994504051071564987e+01
1.598545145988464355e+01,1.482046711320964789e+02,7.306941188542544978e+02,1.270000000000000000e+02,6.860000000000000000e+02,4.946920595662106734e+01
1.599545764923095703e+01,1.477330282163595712e+02,7.304386456082303312e+02,1.270000000000000000e+02,6.850000000000000000e+02,4.994525977238191672e+01
1.600546622276306152e+01,1.472713432084278509e+02,7.301144837941506012e+02,1.260000000000000000e+02,6.850000000000000000e+02,4.987771736861468241e+01
1.601547193527221680e+01,1.468095481890566987e+02,7.297902447379964315e+02,1.260000000000000000e+02,6.840000000000000000e+02,5.029695625978060036e+01
1.602548003196716309e+01,1.463478191765491943e+02,7.294660520270869029e+02,1.250000000000000000e+02,6.840000000000000000e+02,5.022839108038813549e+01
1.603548669815063477e+01,1.458860351583219881e+02,7.291418206951401544e+02,1.250000000000000000e+02,6.830000000000000000e+02,5.064873228124397997e+01
1.604549455642700195e+01,1.454242731423826456e+02,7.288176048116082484e+02,1.250000000000000000e+02,6.830000000000000000e+02,5.016377023377888378e+01
1.605550193786621094e+01,1.449625991355948713e+02,7.284934507217359396e+02,1.240000000000000000e+02,6.820000000000000000e+02,5.100070119649465283e+01
1.606550741195678711e+01,1.445007821139358271e+02,7.281691962171668138e+02,1.240000000000000000e+02,6.820000000000000000e+02,5.051610383454291764e+01
1.607551598548889160e+01,1.440341410906569877e+02,7.279137716570562588e+02,1.240000000000000000e+02,6.810000000000000000e+02,5.101243750626670703e+01
1.608552265167236328e+01,1.435674778310233535e+02,7.276583349254673294e+02,1.230000000000000000e+02,6.810000000000000000e+02,5.099040461054139683e+01
1.609552979469299316e+01,1.431007700986801581e+02,7.274028738509215373e+02,1.230000000000000000e+02,6.800000000000000000e+02,5.148857550842104303e+01
1.610553789138793945e+01,1.426341401935787019e+02,7.271720148452398007e+02,1.230000000000000000e+02,6.800000000000000000e+02,5.109499433115367850e+01
1.611554431915283203e+01,1.421674546975902729e+02,7.269509532945083947e+02,1.220000000000000000e+02,6.790000000000000000e+02,5.201942090057790580e+01
1.612555193901062012e+01,1.417008470288435831e+02,7.267299286093126511e+02,1.220000000000000000e+02,6.790000000000000000e+02,5.163593185664394980e+01
1.613555788993835449e+01,1.412340281147264704e+02,7.265088038605202883e+02,1.210000000000000000e+02,6.780000000000000000e+02,5.255967984801628745e+01
1.614556837081909180e+01,1.407674204459797807e+02,7.262877791753245447e+02,1.210000000000000000e+02,6.780000000000000000e+02,5.217720315207635196e+01
1.615557432174682617e+01,1.403007905408783245e+02,7.260667439571185469e+02,1.210000000000000000e+02,6.770000000000000000e+02,5.272633002643259914e+01
1.616558074951171875e+01,1.398341828721316347e+02,7.258457192719228033e+02,1.200000000000000000e+02,6.770000000000000000e+02,5.271905823700429750e+01
1.617558670043945312e+01,1.393674973761432057e+02,7.256246577211913973e+02,1.200000000000000000e+02,6.760000000000000000e+02,5.327012867039383082e+01
1.618559432029724121e+01,1.389008563528643663e+02,7.254036172364803861e+02,1.200000000000000000e+02,6.760000000000000000e+02,5.289574431766959606e+01
1.619560098648071289e+01,1.384341486205211709e+02,7.251825451527388395e+02,1.190000000000000000e+02,6.750000000000000000e+02,5.381425434409713660e+01
1.620560908317565918e+01,1.379675298335970979e+02,7.249615152010379688e+02,1.190000000000000000e+02,6.750000000000000000e+02,5.344081014703972698e+01
1.621561527252197266e+01,1.375008221012539025e+02,7.247404431172964223e+02,1.190000000000000000e+02,6.740000000000000000e+02,5.400808260030936481e+01
1.622562336921691895e+01,1.370342144325072127e+02,7.245194184321006787e+02,1.180000000000000000e+02,6.730000000000000000e+02,5.492314443515174816e+01
1.623562932014465332e+01,1.365724414154239241e+02,7.242541445712230370e+02,1.180000000000000000e+02,6.730000000000000000e+02,5.451534569143981912e+01
1.624563694000244141e+01,1.361107564074922038e+02,7.239692750982438838e+02,1.180000000000000000e+02,6.720000000000000000e+02,5.503458050978922245e+01
1.625564265251159668e+01,1.356489503869771056e+02,7.236843309579260222e+02,1.170000000000000000e+02,6.720000000000000000e+02,5.494591356146845840e+01
1.626565098762512207e+01,1.351472146612132974e+02,7.233660254974952295e+02,1.170000000000000000e+02,6.710000000000000000e+02,5.542131382748405599e+01
1.627664160728454590e+01,1.346952989031714480e+02,7.230270886789638780e+02,1.160000000000000000e+02,6.710000000000000000e+02,5.528410402175018845e+01
1.628664851188659668e+01,1.342433616109755121e+02,7.226881357098169474e+02,1.160000000000000000e+02,6.700000000000000000e+02,5.575715099827916532e+01
1.629665589332580566e+01,1.337914350858566195e+02,7.222951561227570210e+02,1.160000000000000000e+02,6.700000000000000000e+02,5.523874108194158339e+01
1.630666303634643555e+01,1.333444314556195991e+02,7.219070980261776640e+02,1.150000000000000000e+02,6.690000000000000000e+02,5.599713552478821299e+01
1.631666994094848633e+01,1.328974065252953665e+02,7.215190214383137572e+02,1.150000000000000000e+02,6.690000000000000000e+02,5.548481569915993816e+01
1.632667732238769531e+01,1.324496786920931015e+02,7.211844555849318112e+02,1.150000000000000000e+02,6.680000000000000000e+02,5.597390108186915114e+01
1.633670043945312500e+01,1.320026750618560811e+02,7.208504308942052603e+02,1.140000000000000000e+02,6.680000000000000000e+02,5.583246685474268389e+01
1.634670734405517578e+01,1.315604782293222570e+02,7.205851127946849601e+02,1.140000000000000000e+02,6.670000000000000000e+02,5.638913644365917577e+01
1.635671663284301758e+01,1.311183972599001777e+02,7.203198642130316784e+02,1.140000000000000000e+02,6.670000000000000000e+02,5.600042360950401132e+01
1.636672329902648926e+01,1.306763689555289147e+02,7.200546472304089320e+02,1.130000000000000000e+02,6.660000000000000000e+02,5.687142434171965277e+01
1.637672877311706543e+01,1.302391062530877832e+02,7.197795156423560456e+02,1.130000000000000000e+02,6.660000000000000000e+02,5.647497753104173768e+01
1.638673758506774902e+01,1.298069007999247617e+02,7.194504501268796730e+02,1.130000000000000000e+02,6.650000000000000000e+02,5.698529137872615991e+01
1.639674305915832520e+01,1.293745408626127187e+02,7.191212669927898560e+02,1.120000000000000000e+02,6.650000000000000000e+02,5.684176467256662590e+01
1.640675210952758789e+01,1.289422942136766324e+02,7.187921701123498224e+02,1.120000000000000000e+02,6.640000000000000000e+02,5.735175009398982127e+01
1.641675853729248047e+01,1.285100063689674812e+02,7.184630418669462415e+02,1.120000000000000000e+02,6.630000000000000000e+02,5.786820649923391358e+01
1.642676591873168945e+01,1.280826308861300049e+02,7.181928619640029865e+02,1.110000000000000000e+02,6.630000000000000000e+02,5.777601829279385726e+01
1.643677330017089844e+01,1.276553368585711041e+02,7.179767592374214473e+02,1.110000000000000000e+02,6.620000000000000000e+02,5.840203609975190346e+01
1.644677877426147461e+01,1.272279511938238130e+02,7.177606101655952671e+02,1.110000000000000000e+02,6.620000000000000000e+02,5.807402212683923892e+01
1.645678639411926270e+01,1.268006062567158096e+02,7.175444816916556192e+02,1.100000000000000000e+02,6.610000000000000000e+02,5.898761548300775104e+01
1.646679306030273438e+01,1.263682669172903132e+02,7.172153142400475190e+02,1.100000000000000000e+02,6.610000000000000000e+02,5.854982251879975053e+01
1.647680163383483887e+01,1.259360511651840255e+02,7.168862408833302879e+02,1.100000000000000000e+02,6.600000000000000000e+02,5.907623996646740494e+01
1.648680734634399414e+01,1.255037633204748602e+02,7.165571126379267071e+02,1.090000000000000000e+02,6.600000000000000000e+02,5.891588235507790472e+01
1.649681472778320312e+01,1.250715063725955076e+02,7.162280079162458151e+02,1.090000000000000000e+02,6.590000000000000000e+02,5.944188933022125809e+01
1.650682139396667480e+01,1.246391979299998098e+02,7.158988639883604037e+02,1.090000000000000000e+02,6.590000000000000000e+02,5.900902672523626080e+01
1.651682925224304199e+01,1.242069615800069897e+02,7.155304807355256571e+02,1.080000000000000000e+02,6.580000000000000000e+02,5.976973998033211899e+01
1.652683544158935547e+01,1.237746840342410906e+02,7.151620623726570329e+02,1.080000000000000000e+02,6.580000000000000000e+02,5.929875235682175827e+01
1.653684258460998535e+01,1.233423858905886590e+02,7.147936264547714700e+02,1.080000000000000000e+02,6.570000000000000000e+02,5.979541841654253886e+01
1.654685020446777344e+01,1.228723074779608453e+02,7.144586280457723433e+02,1.070000000000000000e+02,6.560000000000000000e+02,6.057508842477155753e+01
1.655785751342773438e+01,1.224449218132135542e+02,7.141540543536535779e+02,1.070000000000000000e+02,6.560000000000000000e+02,6.017008931008806627e+01
1.656786513328552246e+01,1.220224083678659071e+02,7.138543645842790966e+02,1.070000000000000000e+02,6.550000000000000000e+02,6.074132846579973233e+01
1.657787370681762695e+01,1.215999553117765117e+02,7.135547176491459140e+02,1.060000000000000000e+02,6.550000000000000000e+02,6.059714155552738646e+01
1.658788084983825684e+01,1.211352599695410959e+02,7.132251081622115407e+02,1.060000000000000000e+02,6.540000000000000000e+02,6.112846743679452999e+01
1.659888863563537598e+01,1.207128773675863300e+02,7.129255112003598924e+02,1.060000000000000000e+02,6.540000000000000000e+02,6.073454231866222841e+01
1.660889410972595215e+01,1.202904142466205570e+02,7.126258571261864745e+02,1.050000000000000000e+02,6.530000000000000000e+02,6.155517529717269554e+01
1.661890149116516113e+01,1.198679813202839171e+02,7.123262244691337628e+02,1.050000000000000000e+02,6.530000000000000000e+02,6.116091708192706022e+01
1.662890815734863281e+01,1.194455383290708994e+02,7.120265846730408157e+02,1.050000000000000000e+02,6.520000000000000000e+02,6.174029838870553277e+01
1.663891506195068359e+01,1.190229745593413782e+02,7.117268592084652710e+02,1.040000000000000000e+02,6.520000000000000000e+02,6.158723467991115541e+01
1.664892482757568359e+01,1.186006221520157311e+02,7.114272836637343289e+02,1.040000000000000000e+02,6.510000000000000000e+02,6.216618677547582905e+01
1.665892958641052246e+01,1.181781690959263358e+02,7.111276367286011464e+02,1.040000000000000000e+02,6.500000000000000000e+02,6.275036614185217587e+01
1.666893672943115234e+01,1.177557059749605628e+02,7.108279826544277284e+02,1.040000000000000000e+02,6.500000000000000000e+02,6.236395530013250976e+01
1.667894411087036133e+01,1.173332126593656710e+02,7.105283071631337179e+02,1.030000000000000000e+02,6.490000000000000000e+02,6.317573559128166494e+01
1.668895220756530762e+01,1.169107596032762757e+02,7.102286602280005354e+02,1.030000000000000000e+02,6.490000000000000000e+02,6.278899637720034121e+01
1.669895935058593750e+01,1.164883669364451322e+02,7.099290561271086517e+02,1.030000000000000000e+02,6.480000000000000000e+02,6.338094378759880954e+01
1.670896506309509277e+01,1.160657931018392333e+02,7.096293235234928716e+02,1.020000000000000000e+02,6.480000000000000000e+02,6.321408113345554369e+01
1.671897506713867188e+01,1.156434205647608451e+02,7.093297337006814587e+02,1.020000000000000000e+02,6.470000000000000000e+02,6.380547490540921274e+01
1.672898030281066895e+01,1.152209373140423310e+02,7.091627054387695352e+02,1.020000000000000000e+02,6.470000000000000000e+02,6.355308907463950874e+01
1.673898816108703613e+01,1.147561715176722856e+02,7.090654288767385651e+02,1.010000000000000000e+02,6.460000000000000000e+02,6.454828095488359452e+01
1.674999761581420898e+01,1.142914359159313591e+02,7.089681586345137703e+02,1.010000000000000000e+02,6.450000000000000000e+02,6.533442880899494298e+01
1.676100635528564453e+01,1.138275960881878177e+02,7.088710758798697498e+02,1.010000000000000000e+02,6.450000000000000000e+02,6.514646234028192850e+01
1.677199387550354004e+01,1.134051430320984224e+02,7.086303758827955335e+02,1.000000000000000000e+02,6.440000000000000000e+02,6.600593417612127212e+01
1.678200101852416992e+01,1.129819552400336562e+02,7.083892572570841821e+02,1.000000000000000000e+02,6.440000000000000000e+02,6.568491160055866374e+01
1.679202556610107422e+01,1.125595323785733797e+02,7.081485744639265931e+02,1.000000000000000000e+02,6.430000000000000000e+02,6.634816205630885122e+01
1.680203199386596680e+01,1.121371095171131032e+02,7.079078916707690041e+02,9.900000000000000000e+01,6.430000000000000000e+02,6.622399903063018201e+01
1.681203842163085938e+01,1.117146564610237078e+02,7.077163141220772786e+02,9.900000000000000000e+01,6.420000000000000000e+02,6.693501647653032194e+01
1.682204556465148926e+01,1.112922034049343125e+02,7.075247365733855531e+02,9.900000000000000000e+01,6.410000000000000000e+02,6.765085986672025342e+01
1.683205270767211914e+01,1.108697201542157984e+02,7.073331453317806563e+02,9.900000000000000000e+01,6.410000000000000000e+02,6.738676744099342386e+01
1.684206056594848633e+01,1.104473073576318995e+02,7.071415860403066063e+02,9.800000000000000000e+01,6.400000000000000000e+02,6.828563565248003897e+01
1.685206675529479980e+01,1.100248039771606301e+02,7.069499856700929286e+02,9.800000000000000000e+01,6.400000000000000000e+02,6.802129440046540765e+01
1.686207509040832520e+01,1.096023911805767312e+02,7.067584263786188785e+02,9.800000000000000000e+01,6.390000000000000000e+02,6.874459852536662652e+01
1.687208127975463867e+01,1.091749546062803375e+02,7.065717299438687178e+02,9.700000000000000000e+01,6.390000000000000000e+02,6.865980051873228263e+01
1.688209009170532227e+01,1.087476707606312658e+02,7.063851002181829699e+02,9.700000000000000000e+01,6.380000000000000000e+02,6.938681214864334379e+01
1.689209532737731934e+01,1.083202443682446869e+02,7.061984082307037625e+02,9.700000000000000000e+01,6.380000000000000000e+02,6.913154719633068623e+01
1.690210390090942383e+01,1.078928892492268687e+02,7.060117473741212279e+02,9.600000000000000000e+01,6.370000000000000000e+02,7.002900892004615230e+01
1.691211080551147461e+01,1.074655544940286944e+02,7.058250954120806000e+02,9.600000000000000000e+01,6.360000000000000000e+02,7.076017869650769399e+01
1.692211723327636719e+01,1.070381382835519446e+02,7.056384078718723458e+02,9.600000000000000000e+01,6.360000000000000000e+02,7.050778926966911797e+01
1.693212556838989258e+01,1.066107933464439412e+02,7.054517514625607646e+02,9.600000000000000000e+01,6.350000000000000000e+02,7.124632074418560990e+01
1.694213223457336426e+01,1.061834178636064792e+02,7.052650817114363235e+02,9.500000000000000000e+01,6.350000000000000000e+02,7.114949432727442513e+01
1.695213961601257324e+01,1.057560627445886610e+02,7.050784208548537890e+02,9.500000000000000000e+01,6.340000000000000000e+02,7.188765399555921931e+01
1.696214652061462402e+01,1.053286974436610137e+02,7.048917555510003012e+02,9.500000000000000000e+01,6.340000000000000000e+02,7.164023308159649162e+01
1.697215366363525391e+01,1.049062242578188631e+02,7.046166567323124355e+02,9.400000000000000000e+01,6.330000000000000000e+02,7.244233050555254749e+01
1.698216128349304199e+01,1.044838114612349642e+02,7.043415972368624125e+02,9.400000000000000000e+01,6.330000000000000000e+02,7.210779291492298171e+01
1.699216747283935547e+01,1.040613986646510654e+02,7.040665377414123896e+02,9.400000000000000000e+01,6.320000000000000000e+02,7.276549735364596927e+01
1.700217366218566895e+01,1.036388751544270406e+02,7.037914061533595032e+02,9.400000000000000000e+01,6.310000000000000000e+02,7.342681202412354935e+01
1.701218247413635254e+01,1.032164220983376453e+02,7.035064959527410338e+02,9.300000000000000000e+01,6.310000000000000000e+02,7.322272349370960853e+01
1.702218961715698242e+01,1.027940394963828794e+02,7.032216332677018045e+02,9.300000000000000000e+01,6.300000000000000000e+02,7.387374897787795192e+01
1.703219509124755859e+01,1.023715361159116100e+02,7.029366891273839428e+02,9.300000000000000000e+01,6.300000000000000000e+02,7.353629246866123026e+01
1.704220342636108398e+01,1.019491233193277111e+02,7.026518060785250555e+02,9.200000000000000000e+01,6.290000000000000000e+02,7.432074806843544934e+01
1.705220961570739746e+01,1.015315327688619220e+02,7.023816004282236918e+02,9.200000000000000000e+01,6.290000000000000000e+02,7.399803644916104872e+01
1.706221795082092285e+01,1.011189238640679946e+02,7.020770557603996167e+02,9.200000000000000000e+01,6.280000000000000000e+02,7.463621749906691605e+01
1.707222461700439453e+01,1.007063444517025061e+02,7.017725328607965594e+02,9.200000000000000000e+01,6.280000000000000000e+02,7.428450066069636648e+01
1.708223056793212891e+01,1.003035307782235179e+02,7.014532293391363282e+02,9.100000000000000000e+01,6.270000000000000000e+02,7.503225335792190265e+01
1.709223794937133789e+01,9.990065952428898299e+01,7.010798364696360068e+02,9.100000000000000000e+01,6.260000000000000000e+02,7.560557905521656608e+01
1.710224676132202148e+01,9.949793222149330063e+01,7.007065770182643973e+02,9.100000000000000000e+01,6.260000000000000000e+02,7.518834684861054996e+01
1.711225199699401855e+01,9.910004986930429993e+01,7.003823765831474475e+02,9.000000000000000000e+01,6.250000000000000000e+02,7.592966223385484170e+01
1.712225890159606934e+01,9.870212959827871657e+01,7.000581452512006990e+02,9.000000000000000000e+01,6.250000000000000000e+02,7.556091733227953000e+01
1.713226675987243652e+01,9.831401602784580973e+01,6.997289856408335709e+02,9.000000000000000000e+01,6.240000000000000000e+02,7.618400178975146275e+01
1.714227509498596191e+01,9.793086093046240137e+01,6.994981101334358300e+02,9.000000000000000000e+01,6.240000000000000000e+02,7.591352441310270649e+01
1.715228223800659180e+01,9.754772409029661162e+01,6.992672456271820920e+02,8.900000000000000000e+01,6.230000000000000000e+02,7.674474798108835216e+01
1.716228890419006348e+01,9.717440237713161366e+01,6.989676058310891449e+02,8.900000000000000000e+01,6.220000000000000000e+02,7.740047287706427426e+01
1.717229580879211426e+01,9.680601912429682443e+01,6.986188696850722408e+02,8.900000000000000000e+01,6.220000000000000000e+02,7.701548627637801303e+01
1.718230199813842773e+01,9.643760076142817184e+01,6.982701003015565675e+02,8.900000000000000000e+01,6.210000000000000000e+02,7.762722657482366628e+01
1.719230914115905762e+01,9.607407732244772092e+01,6.978967519047657788e+02,8.800000000000000000e+01,6.210000000000000000e+02,7.731947476614131176e+01
1.720231676101684570e+01,9.571550907958028631e+01,6.976265977491807462e+02,8.800000000000000000e+01,6.200000000000000000e+02,7.800908766592645804e+01
1.721232318878173828e+01,9.535685540229710000e+01,6.973563792252002713e+02,8.800000000000000000e+01,6.200000000000000000e+02,7.770542277243785634e+01
1.722233200073242188e+01,9.499823589878022290e+01,6.971205746201480906e+02,8.700000000000000000e+01,6.190000000000000000e+02,7.852894979862307423e+01
1.723233985900878906e+01,9.463966765591278829e+01,6.968848037207284278e+02,8.700000000000000000e+01,6.180000000000000000e+02,7.925387548852516773e+01
1.724234628677368164e+01,9.428111649992850118e+01,6.966490440565195286e+02,8.700000000000000000e+01,6.180000000000000000e+02,7.898535806394676229e+01
1.725235223770141602e+01,9.392253971361948572e+01,6.964132675394944272e+02,8.700000000000000000e+01,6.170000000000000000e+02,7.971441913095746656e+01
1.726235890388488770e+01,9.356395438386890362e+01,6.961774854048638872e+02,8.600000000000000000e+01,6.170000000000000000e+02,7.953796326886100587e+01
1.727236580848693848e+01,9.320536051067674066e+01,6.959416976526279086e+02,8.600000000000000000e+01,6.160000000000000000e+02,8.026576009527968836e+01
1.728237295150756836e+01,9.281090981319783850e+01,6.954932126130286179e+02,8.600000000000000000e+01,6.160000000000000000e+02,7.978445552877883529e+01
1.729338073730468750e+01,9.245225613591465219e+01,6.950854282950217566e+02,8.600000000000000000e+01,6.150000000000000000e+02,8.034492787003121350e+01
1.730338954925537109e+01,9.209367080616407009e+01,6.946777216872231975e+02,8.500000000000000000e+01,6.140000000000000000e+02,8.098898037478474521e+01
1.731339645385742188e+01,9.173509401985505463e+01,6.942700247932006050e+02,8.500000000000000000e+01,6.140000000000000000e+02,8.055208483805571973e+01
1.732340312004089355e+01,9.137646597289659667e+01,6.940587781354031449e+02,8.500000000000000000e+01,6.130000000000000000e+02,8.130919278352244817e+01
1.733341121673583984e+01,9.102277591813455615e+01,6.937296498899995640e+02,8.500000000000000000e+01,6.130000000000000000e+02,8.095400052574281347e+01
1.734341859817504883e+01,9.066917012745379623e+01,6.934006000570050219e+02,8.400000000000000000e+01,6.120000000000000000e+02,8.167334644686360434e+01
1.735342359542846680e+01,9.032039243456344479e+01,6.930518223641146278e+02,8.400000000000000000e+01,6.120000000000000000e+02,8.129787985594015254e+01
1.736343097686767578e+01,8.998145561603206488e+01,6.927030612899736752e+02,8.400000000000000000e+01,6.110000000000000000e+02,8.192171894827254164e+01
1.737343788146972656e+01,8.964251879750068497e+01,6.923543002158327226e+02,8.400000000000000000e+01,6.100000000000000000e+02,8.254737295892373083e+01
1.738344478607177734e+01,8.932310877540444949e+01,6.921184281995155061e+02,8.300000000000000000e+01,6.100000000000000000e+02,8.236150772384257834e+01
1.739345550537109375e+01,8.900391936135433468e+01,6.918827190937554406e+02,8.300000000000000000e+01,6.090000000000000000e+02,8.309989273201270521e+01
1.740345931053161621e+01,8.869441107100909960e+01,6.917451598536019901e+02,8.300000000000000000e+01,6.090000000000000000e+02,8.294086927832248080e+01
1.741346764564514160e+01,8.840459553052575359e+01,6.915830596360434583e+02,8.300000000000000000e+01,6.080000000000000000e+02,8.375761165990213897e+01
1.742347455024719238e+01,8.811479379998905870e+01,6.914209671426924615e+02,8.200000000000000000e+01,6.080000000000000000e+02,8.364477546289762699e+01
1.743348097801208496e+01,8.783478250239600982e+01,6.911065684927634720e+02,8.200000000000000000e+01,6.070000000000000000e+02,8.430871574444827843e+01
1.744348859786987305e+01,8.756948968210009809e+01,6.907528447323688852e+02,8.200000000000000000e+01,6.060000000000000000e+02,8.493564567099051033e+01
1.745349693298339844e+01,8.730427269947733748e+01,6.903992220888718521e+02,8.200000000000000000e+01,6.060000000000000000e+02,8.456573773152537399e+01
1.746350240707397461e+01,8.705376611884392446e+01,6.900013586961010787e+02,8.100000000000000000e+01,6.050000000000000000e+02,8.521665954732620207e+01
1.747350883483886719e+01,8.680322372597596825e+01,6.896034384250755238e+02,8.100000000000000000e+01,6.050000000000000000e+02,8.480223581344583295e+01
1.748351669311523438e+01,8.656744159134544248e+01,6.890876650055712389e+02,8.100000000000000000e+01,6.040000000000000000e+02,8.526961441201288494e+01
1.749352359771728516e+01,8.631385972284566321e+01,6.884995708850079836e+02,8.100000000000000000e+01,6.030000000000000000e+02,8.566454182842855403e+01
1.750451493263244629e+01,8.608298971601993799e+01,6.879641489542844965e+02,8.000000000000000000e+01,6.030000000000000000e+02,8.518162578520703221e+01
1.751452183723449707e+01,8.585210870805026673e+01,6.874287015102697751e+02,8.000000000000000000e+01,6.020000000000000000e+02,8.562890994320555649e+01
1.752452921867370605e+01,8.562573629656283458e+01,6.868972184572123751e+02,8.000000000000000000e+01,6.020000000000000000e+02,8.508340972628040788e+01
1.753455448150634766e+01,8.539982148585012567e+01,6.863668097711912424e+02,8.000000000000000000e+01,6.010000000000000000e+02,8.553742036436334217e+01
1.754455947875976562e+01,8.517385822329067935e+01,6.859050587563958743e+02,7.900000000000000000e+01,6.000000000000000000e+02,8.612662564678312549e+01
1.755456662178039551e+01,8.493610196848929661e+01,6.854241426955476300e+02,7.900000000000000000e+01,6.000000000000000000e+02,8.563014341836398557e+01
1.756557464599609375e+01,8.471993229877654130e+01,6.849868904090832302e+02,7.900000000000000000e+01,5.990000000000000000e+02,8.617692816366964337e+01
1.757558321952819824e+01,8.448256740381931706e+01,6.845067659624652379e+02,7.900000000000000000e+01,5.990000000000000000e+02,8.568235273787260553e+01
1.758657312393188477e+01,8.427133584333643057e+01,6.840155297752957040e+02,7.800000000000000000e+01,5.980000000000000000e+02,8.624384624878865679e+01
1.759658050537109375e+01,8.406011434772992175e+01,6.835243169948154218e+02,7.800000000000000000e+01,5.970000000000000000e+02,8.673628085943543908e+01
1.760658740997314453e+01,8.385380006452346890e+01,6.830085312867993252e+02,7.800000000000000000e+01,5.970000000000000000e+02,8.620750796367886437e+01
1.761659455299377441e+01,8.364714661838986842e+01,6.824918976714653809e+02,7.800000000000000000e+01,5.960000000000000000e+02,8.667605567710630510e+01
1.762661814689636230e+01,8.344574937839296069e+01,6.819662999963514949e+02,7.700000000000000000e+01,5.960000000000000000e+02,8.620761230953885956e+01
1.763662505149841309e+01,8.324435213839605296e+01,6.814259659378232072e+02,7.700000000000000000e+01,5.950000000000000000e+02,8.665125228128020751e+01
1.764663195610046387e+01,8.304294530165655885e+01,6.808856061319368109e+02,7.700000000000000000e+01,5.950000000000000000e+02,8.609793568122870511e+01
1.765663933753967285e+01,8.284643210143735814e+01,6.803402820013285464e+02,7.700000000000000000e+01,5.940000000000000000e+02,8.653799780666095387e+01
1.766664767265319824e+01,8.264996571459664665e+01,6.797852644585035478e+02,7.700000000000000000e+01,5.930000000000000000e+02,8.696898435481764977e+01
1.767665362358093262e+01,8.245348060240453947e+01,6.792301940165608585e+02,7.600000000000000000e+01,5.930000000000000000e+02,8.647134653756317846e+01
1.768666052818298340e+01,8.225699080887459047e+01,6.786701981050005088e+02,7.600000000000000000e+01,5.920000000000000000e+02,8.689576038876911923e+01
1.769666767120361328e+01,8.206049165266894363e+01,6.781101755098144395e+02,7.600000000000000000e+01,5.920000000000000000e+02,8.632318278077515572e+01
1.770667529106140137e+01,8.184467729649892931e+01,6.774951045947299235e+02,7.600000000000000000e+01,5.910000000000000000e+02,8.669234897932734896e+01
1.771766662597656250e+01,8.164819218430682213e+01,6.769547705362016359e+02,7.500000000000000000e+01,5.900000000000000000e+02,8.720854647523349001e+01
1.772767353057861328e+01,8.145135129043821109e+01,6.764134580780629449e+02,7.500000000000000000e+01,5.900000000000000000e+02,8.665394203659624850e+01
1.773769855499267578e+01,8.123521392195661406e+01,6.758190803147385850e+02,7.500000000000000000e+01,5.890000000000000000e+02,8.704269411817163871e+01
1.774870634078979492e+01,8.103872412842666506e+01,6.752590844031782353e+02,7.500000000000000000e+01,5.890000000000000000e+02,8.647020198411628655e+01
1.775871348381042480e+01,8.082293786028374427e+01,6.746440935389708784e+02,7.500000000000000000e+01,5.880000000000000000e+02,8.683953909662730553e+01
1.776970338821411133e+01,8.062644338541593925e+01,6.740742595618542055e+02,7.400000000000000000e+01,5.870000000000000000e+02,8.732603523683691549e+01
1.777971076965332031e+01,8.043486583672424217e+01,6.735093514054556181e+02,7.400000000000000000e+01,5.870000000000000000e+02,8.674834510772667784e+01
1.778971791267395020e+01,8.024328828803254510e+01,6.729444432490570307e+02,7.400000000000000000e+01,5.860000000000000000e+02,8.716831339733482764e+01
1.779972505569458008e+01,8.005171073934084802e+01,6.723795350926584433e+02,7.400000000000000000e+01,5.860000000000000000e+02,8.659126564323022990e+01
1.780973219871520996e+01,7.986013775495354139e+01,6.718146403951061529e+02,7.300000000000000000e+01,5.850000000000000000e+02,8.708526440763979792e+01
1.781973910331726074e+01,7.967346800382912875e+01,6.712202446086311056e+02,7.300000000000000000e+01,5.840000000000000000e+02,8.747517502004539836e+01
1.782974648475646973e+01,7.949171494481392131e+01,6.706356874728794537e+02,7.300000000000000000e+01,5.840000000000000000e+02,8.687856298778865494e+01
1.783975362777709961e+01,7.930996621603622998e+01,6.700511442641079611e+02,7.300000000000000000e+01,5.830000000000000000e+02,8.727953592531329718e+01
1.784976053237915039e+01,7.913312540185927446e+01,6.694714993731946606e+02,7.300000000000000000e+01,5.830000000000000000e+02,8.668872724318505618e+01
1.785976767539978027e+01,7.896119683252057087e+01,6.688967667271195978e+02,7.200000000000000000e+01,5.820000000000000000e+02,8.717514742728305066e+01
1.786977481842041016e+01,7.878926826318186727e+01,6.683220340810445350e+02,7.200000000000000000e+01,5.810000000000000000e+02,8.758556844366856353e+01
1.787978196144104004e+01,7.862225591781857759e+01,6.677571393834922446e+02,7.200000000000000000e+01,5.810000000000000000e+02,8.700951389042340622e+01
1.788978886604309082e+01,7.845523561418094971e+01,6.671922177682473603e+02,7.200000000000000000e+01,5.800000000000000000e+02,8.743084642264457784e+01
1.789979624748229980e+01,7.829313153451873575e+01,6.666273096118487729e+02,7.200000000000000000e+01,5.800000000000000000e+02,8.685559437996991505e+01
1.790980339050292969e+01,7.814085557256986192e+01,6.660575027864916819e+02,7.100000000000000000e+01,5.790000000000000000e+02,8.734987469783976621e+01
1.791981029510498047e+01,7.798857598258415180e+01,6.654876823852548569e+02,7.100000000000000000e+01,5.780000000000000000e+02,8.776636464732708021e+01
1.792981743812561035e+01,7.783629639259844168e+01,6.649178619840180318e+02,7.100000000000000000e+01,5.780000000000000000e+02,8.718629296076454693e+01
1.793982458114624023e+01,7.767419231293622772e+01,6.643529538276194444e+02,7.100000000000000000e+01,5.770000000000000000e+02,8.760755324422815704e+01
1.794983172416687012e+01,7.751208437117028893e+01,6.637880322123745600e+02,7.100000000000000000e+01,5.770000000000000000e+02,8.703200433262125557e+01
1.795983910560607910e+01,7.734998415361179980e+01,6.632231375148222696e+02,7.000000000000000000e+01,5.760000000000000000e+02,8.753226824998847633e+01
1.796984601020812988e+01,7.718788007394958584e+01,6.626582293584236822e+02,7.000000000000000000e+01,5.750000000000000000e+02,8.795243483958527975e+01
1.797985315322875977e+01,7.702577985639109670e+01,6.620933346608713919e+02,7.000000000000000000e+01,5.750000000000000000e+02,8.737625835969981836e+01
1.798986005783081055e+01,7.686367191462515791e+01,6.615382377693698572e+02,7.000000000000000000e+01,5.740000000000000000e+02,8.780690783713059488e+01
1.799986743927001953e+01,7.670126272876865414e+01,6.609821093450733542e+02,7.000000000000000000e+01,5.740000000000000000e+02,8.723986627842961639e+01
1.800989341735839844e+01,7.653918954593625301e+01,6.604271314765866236e+02,6.900000000000000000e+01,5.730000000000000000e+02,8.775159655091135846e+01
1.801989865303039551e+01,7.636113883999226459e+01,6.598174426956269372e+02,6.900000000000000000e+01,5.720000000000000000e+02,8.812541975288040419e+01
1.803089022636413574e+01,7.619877986148418358e+01,6.592614861934629289e+02,6.900000000000000000e+01,5.720000000000000000e+02,8.755792028243951108e+01
1.804091310501098633e+01,7.603666805761451997e+01,6.587063760771819716e+02,6.900000000000000000e+01,5.710000000000000000e+02,8.798819865155287800e+01
1.805092072486877441e+01,7.587455239164113152e+01,6.581512527361215916e+02,6.900000000000000000e+01,5.710000000000000000e+02,8.742196705668867196e+01
1.806092858314514160e+01,7.571244058777146790e+01,6.575961426198406343e+02,6.800000000000000000e+01,5.700000000000000000e+02,8.793500976116034451e+01
1.807093620300292969e+01,7.553413884508533727e+01,6.569855942282183605e+02,6.800000000000000000e+01,5.690000000000000000e+02,8.830757634444348980e+01
1.808194327354431152e+01,7.537206566225293614e+01,6.564306163597316299e+02,6.800000000000000000e+01,5.690000000000000000e+02,8.774086863697635863e+01
1.809194850921630859e+01,7.520992296155347390e+01,6.558459199541790667e+02,6.800000000000000000e+01,5.680000000000000000e+02,8.814129929668368391e+01
1.810195803642272949e+01,7.504784977872107277e+01,6.552516516171268677e+02,6.800000000000000000e+01,5.670000000000000000e+02,8.853262788178237486e+01
1.811196327209472656e+01,7.488571866433278501e+01,6.546571708643698457e+02,6.700000000000000000e+01,5.670000000000000000e+02,8.801115930834190237e+01
1.812197208404541016e+01,7.472364161939665905e+01,6.540530655150624852e+02,6.700000000000000000e+01,5.660000000000000000e+02,8.839115898360402923e+01
1.813197755813598633e+01,7.456153753973444509e+01,6.534488593999578825e+02,6.700000000000000000e+01,5.660000000000000000e+02,8.777516653540689617e+01
1.814198470115661621e+01,7.439942959796850630e+01,6.528446388897393717e+02,6.700000000000000000e+01,5.650000000000000000e+02,8.815572664350287369e+01
1.815199208259582520e+01,7.423733324251374199e+01,6.522502855864051980e+02,6.700000000000000000e+01,5.640000000000000000e+02,8.854655215504030252e+01
1.816199874877929688e+01,7.407522143864407838e+01,6.516558756388831171e+02,6.700000000000000000e+01,5.640000000000000000e+02,8.794095344277995707e+01
1.817200636863708496e+01,7.391310963477441476e+01,6.510614656913610361e+02,6.600000000000000000e+01,5.630000000000000000e+02,8.841628268482403996e+01
1.818201398849487305e+01,7.375099396880102631e+01,6.504670415827919214e+02,6.600000000000000000e+01,5.630000000000000000e+02,8.780980167811701165e+01
1.819202184677124023e+01,7.358891692386490035e+01,6.498727590846928024e+02,6.600000000000000000e+01,5.620000000000000000e+02,8.819984948532386682e+01
1.820202732086181641e+01,7.341058428434895688e+01,6.492188727398009860e+02,6.600000000000000000e+01,5.610000000000000000e+02,8.852957848604408753e+01
1.821303629875183105e+01,7.324849565310164223e+01,6.486245477585608796e+02,6.600000000000000000e+01,5.610000000000000000e+02,8.792384238149143982e+01
1.822304248809814453e+01,7.307016687568942359e+01,6.479706755747160969e+02,6.500000000000000000e+01,5.600000000000000000e+02,8.834006652970907680e+01
1.823405122756958008e+01,7.290806279602720963e+01,6.473762939492879696e+02,6.500000000000000000e+01,5.600000000000000000e+02,8.773342693351426647e+01
1.824405837059020996e+01,7.274589692270539842e+01,6.467816857471079857e+02,6.500000000000000000e+01,5.590000000000000000e+02,8.812277385410197894e+01
1.825406932830810547e+01,7.258385849880652074e+01,6.461875448594787485e+02,6.500000000000000000e+01,5.580000000000000000e+02,8.851303846367774497e+01
1.826407241821289062e+01,7.242174669493685712e+01,6.455931349119566676e+02,6.500000000000000000e+01,5.580000000000000000e+02,8.790699407730905079e+01
1.827408003807067871e+01,7.225967351210445599e+01,6.449988665749044685e+02,6.500000000000000000e+01,5.570000000000000000e+02,8.829781072014294807e+01
1.828408527374267578e+01,7.209753853561244341e+01,6.444043716611004129e+02,6.400000000000000000e+01,5.570000000000000000e+02,8.777866663265911029e+01
1.829409432411193848e+01,7.193546535278004228e+01,6.438101033240482138e+02,6.400000000000000000e+01,5.560000000000000000e+02,8.816794120396140499e+01
1.830409955978393555e+01,7.177339216994764115e+01,6.432158349869960148e+02,6.400000000000000000e+01,5.550000000000000000e+02,8.855766013327539099e+01
1.831410479545593262e+01,7.161123788293700443e+01,6.425917866703186974e+02,6.400000000000000000e+01,5.550000000000000000e+02,8.792185185839340988e+01
1.832411503791809082e+01,7.144912221696361598e+01,6.419629743901795109e+02,6.400000000000000000e+01,5.540000000000000000e+02,8.827782442590346079e+01
1.833412289619445801e+01,7.128703358571630133e+01,6.413342669720080949e+02,6.400000000000000000e+01,5.530000000000000000e+02,8.863432506631590968e+01
1.834412908554077148e+01,7.112494881657271151e+01,6.407055745341178863e+02,6.300000000000000000e+01,5.530000000000000000e+02,8.808111373973216018e+01
1.835413503646850586e+01,7.094660072864186873e+01,6.400300135949859168e+02,6.300000000000000000e+01,5.520000000000000000e+02,8.838796160492590559e+01
1.836514496803283691e+01,7.078450051108337959e+01,6.394159976193856210e+02,6.300000000000000000e+01,5.520000000000000000e+02,8.776192276835945449e+01
1.837515187263488770e+01,7.062240029352489046e+01,6.388019816437853251e+02,6.300000000000000000e+01,5.510000000000000000e+02,8.813222433826541646e+01
1.838515877723693848e+01,7.046031552438130063e+01,6.381880241849081585e+02,6.300000000000000000e+01,5.500000000000000000e+02,8.850301643086110914e+01
1.839516472816467285e+01,7.029819213420046253e+01,6.375739204342231687e+02,6.300000000000000000e+01,5.500000000000000000e+02,8.787750081020372761e+01
1.840517306327819824e+01,7.011987880520314320e+01,6.368984911577182402e+02,6.200000000000000000e+01,5.490000000000000000e+02,8.827274312954514812e+01
1.841618084907531738e+01,6.995778244974837889e+01,6.362844898112987266e+02,6.200000000000000000e+01,5.480000000000000000e+02,8.864241334010955597e+01
1.842618751525878906e+01,6.977948070706224826e+01,6.355982982561126846e+02,6.200000000000000000e+01,5.480000000000000000e+02,8.794306213362386870e+01
1.843719458580017090e+01,6.961736117898513498e+01,6.349694709956924044e+02,6.200000000000000000e+01,5.470000000000000000e+02,8.829865241663135578e+01
1.844720268249511719e+01,6.945525323721919619e+01,6.343406886761154055e+02,6.200000000000000000e+01,5.470000000000000000e+02,8.765829509663748809e+01
1.845721006393432617e+01,6.929316846807560637e+01,6.337119962382251970e+02,6.200000000000000000e+01,5.460000000000000000e+02,8.801468394761276670e+01
1.846721601486206055e+01,6.913104121579104344e+01,6.330831390172426154e+02,6.200000000000000000e+01,5.450000000000000000e+02,8.837132525854865150e+01
1.847722458839416504e+01,6.896894872244000396e+01,6.324544166187901055e+02,6.100000000000000000e+01,5.450000000000000000e+02,8.781673604657480325e+01
1.848723101615905762e+01,6.880685236698523966e+01,6.318256792400565018e+02,6.100000000000000000e+01,5.440000000000000000e+02,8.817197331270972427e+01
1.849723768234252930e+01,6.864475601153047535e+01,6.311969418613228981e+02,6.100000000000000000e+01,5.440000000000000000e+02,8.753141701379429662e+01
1.850724434852600098e+01,6.848262875924591242e+01,6.305680846403403166e+02,6.100000000000000000e+01,5.430000000000000000e+02,8.788719577234500946e+01
1.851725292205810547e+01,6.832054785220604742e+01,6.299688764385565491e+02,6.100000000000000000e+01,5.420000000000000000e+02,8.827294966589973058e+01
1.852725863456726074e+01,6.815842832412893415e+01,6.293695254559684145e+02,6.100000000000000000e+01,5.420000000000000000e+02,8.766228992259330255e+01
1.853726673126220703e+01,6.799632424446672019e+01,6.287702315857020494e+02,6.100000000000000000e+01,5.410000000000000000e+02,8.804863488743866640e+01
1.854727387428283691e+01,6.783420471638960692e+01,6.281708806031139147e+02,6.000000000000000000e+01,5.400000000000000000e+02,8.851824077480794983e+01
1.855728197097778320e+01,6.767213539566093061e+01,6.275717152355715598e+02,6.000000000000000000e+01,5.400000000000000000e+02,8.790714971394186250e+01
1.856728696823120117e+01,6.751001586758381734e+01,6.269723642529834251e+02,6.000000000000000000e+01,5.390000000000000000e+02,8.829233947852416975e+01
1.857729506492614746e+01,6.734791565002532820e+01,6.263730846607975309e+02,6.000000000000000000e+01,5.390000000000000000e+02,8.768151337393065603e+01
1.858730196952819824e+01,6.718581543246683907e+01,6.257738050686116367e+02,6.000000000000000000e+01,5.380000000000000000e+02,8.806745596218907224e+01
1.859730887413024902e+01,6.700777245073030031e+01,6.251155855603734608e+02,6.000000000000000000e+01,5.370000000000000000e+02,8.839380800355141332e+01
1.860829997062683105e+01,6.684566450896436152e+01,6.245162774120266249e+02,6.000000000000000000e+01,5.370000000000000000e+02,8.778360857602116596e+01
1.861830735206604004e+01,6.668356042930214755e+01,6.239169835417602599e+02,5.900000000000000000e+01,5.360000000000000000e+02,8.825209966880608192e+01
1.862831449508666992e+01,6.652146021174365842e+01,6.233177039495743657e+02,5.900000000000000000e+01,5.360000000000000000e+02,8.764105080806800174e+01
1.863832139968872070e+01,6.635935613208144446e+01,6.227184100793080006e+02,5.900000000000000000e+01,5.350000000000000000e+02,8.802658456125881514e+01
1.864832854270935059e+01,6.619725205241923049e+01,6.221191162090416356e+02,5.900000000000000000e+01,5.340000000000000000e+02,8.841255045845377936e+01
1.865833568572998047e+01,6.603514797275701653e+01,6.215198223387752705e+02,5.900000000000000000e+01,5.340000000000000000e+02,8.780212189468642237e+01
1.866834282875061035e+01,6.587304389309480257e+01,6.209205284685089055e+02,5.900000000000000000e+01,5.330000000000000000e+02,8.818876378846850628e+01
1.867834997177124023e+01,6.571093981343258861e+01,6.203212345982425404e+02,5.900000000000000000e+01,5.320000000000000000e+02,8.857582736919430033e+01
1.868835711479187012e+01,6.554883573377037465e+01,6.197219407279761754e+02,5.800000000000000000e+01,5.320000000000000000e+02,8.804614588963002575e+01
1.869836425781250000e+01,6.538673551621188551e+01,6.191128368801806801e+02,5.800000000000000000e+01,5.310000000000000000e+02,8.842191970693576764e+01
1.870837116241455078e+01,6.522462757444594672e+01,6.185037040080904944e+02,5.800000000000000000e+01,5.310000000000000000e+02,8.780144337495231355e+01
1.871837854385375977e+01,6.506252349478373276e+01,6.178945856481476540e+02,5.800000000000000000e+01,5.300000000000000000e+02,8.817787378006988774e+01
1.872838568687438965e+01,6.490042327722524362e+01,6.172854818003521586e+02,5.800000000000000000e+01,5.290000000000000000e+02,8.855474091275510773e+01
1.873839259147644043e+01,6.473831533545930483e+01,6.166763489282619730e+02,5.800000000000000000e+01,5.290000000000000000e+02,8.793490237073348226e+01
1.874839997291564941e+01,6.457621511790081570e+01,6.160672450804664777e+02,5.800000000000000000e+01,5.280000000000000000e+02,8.831243548526930454e+01
1.875840687751770020e+01,6.441411103823860174e+01,6.154532144756853995e+02,5.800000000000000000e+01,5.280000000000000000e+02,8.768811517270219724e+01
1.876841402053833008e+01,6.425200309647266295e+01,6.148391692417235390e+02,5.700000000000000000e+01,5.270000000000000000e+02,8.813802358793508063e+01
1.877842140197753906e+01,6.408990287891417381e+01,6.142251532661232432e+02,5.700000000000000000e+01,5.260000000000000000e+02,8.850957231657699253e+01
1.878842830657958984e+01,6.392779879925196695e+01,6.136111226613421650e+02,5.700000000000000000e+01,5.260000000000000000e+02,8.788460166709330679e+01
1.879843544960021973e+01,6.376569858169348493e+01,6.129971066857418691e+02,5.700000000000000000e+01,5.250000000000000000e+02,8.825681538759579325e+01
1.880844235420227051e+01,6.360359063992755324e+01,6.123830614517800086e+02,5.700000000000000000e+01,5.240000000000000000e+02,8.862941363299691488e+01
1.881844973564147949e+01,6.344149042236907121e+01,6.117690454761797128e+02,5.700000000000000000e+01,5.240000000000000000e+02,8.800510293534787820e+01
1.882845664024353027e+01,6.327908896072000999e+01,6.111538884244787369e+02,5.700000000000000000e+01,5.230000000000000000e+02,8.837723124499930805e+01
1.883848214149475098e+01,6.311698874316152796e+01,6.105398724488784410e+02,5.700000000000000000e+01,5.230000000000000000e+02,8.775332939353282313e+01
1.884848904609680176e+01,6.295490397401794525e+01,6.099259149900012744e+02,5.700000000000000000e+01,5.220000000000000000e+02,8.812733632743420742e+01
1.885849499702453613e+01,6.279281148066691287e+01,6.093119282727625432e+02,5.600000000000000000e+01,5.210000000000000000e+02,8.857278906676381780e+01
1.886850142478942871e+01,6.263069195258979960e+01,6.086978391512583357e+02,5.600000000000000000e+01,5.210000000000000000e+02,8.794814988145071766e+01
1.887850952148437500e+01,6.246859173503131757e+01,6.080838231756580399e+02,5.600000000000000000e+01,5.200000000000000000e+02,8.832102005907262310e+01
1.888851642608642578e+01,6.230647220695420430e+01,6.074697340541538324e+02,5.600000000000000000e+01,5.190000000000000000e+02,8.869422436274975041e+01
1.889852452278137207e+01,6.212817432637179138e+01,6.067889603282936832e+02,5.600000000000000000e+01,5.190000000000000000e+02,8.800259130330836399e+01
1.890953135490417480e+01,6.196606252250212776e+01,6.061699879862459284e+02,5.600000000000000000e+01,5.180000000000000000e+02,8.837160564070993019e+01
1.891953897476196289e+01,6.180397775335854504e+01,6.055462072080266580e+02,5.600000000000000000e+01,5.180000000000000000e+02,8.773838700518844291e+01
1.892954492568969727e+01,6.164187753580006301e+01,6.049223669768167611e+02,5.600000000000000000e+01,5.170000000000000000e+02,8.810319742742032645e+01
1.893955183029174805e+01,6.147975028351550009e+01,6.042984227028731539e+02,5.600000000000000000e+01,5.160000000000000000e+02,8.846829440531196553e+01
1.894956040382385254e+01,6.131763461754211164e+01,6.036696104227339674e+02,5.500000000000000000e+01,5.160000000000000000e+02,8.789694590163364296e+01
1.895956826210021973e+01,6.115556143470970341e+01,6.030409629256870403e+02,5.500000000000000000e+01,5.150000000000000000e+02,8.825588982871730082e+01
1.896957349777221680e+01,6.099346507925494620e+01,6.024122255469534366e+02,5.500000000000000000e+01,5.140000000000000000e+02,8.861514119958064839e+01
1.897958016395568848e+01,6.083134555117783293e+01,6.017833982865331564e+02,5.500000000000000000e+01,5.140000000000000000e+02,8.797686971965616465e+01
1.898958826065063477e+01,6.066923760941190125e+01,6.011546159669561575e+02,5.500000000000000000e+01,5.130000000000000000e+02,8.833672266590770050e+01
1.899959564208984375e+01,6.050713739185341922e+01,6.005258636079414600e+02,5.500000000000000000e+01,5.130000000000000000e+02,8.769894732873775922e+01
1.900960254669189453e+01,6.034504489850238684e+01,5.998971412094889502e+02,5.500000000000000000e+01,5.120000000000000000e+02,8.805950793507676622e+01
1.901960897445678711e+01,6.018292150832154874e+01,5.992682989687875761e+02,5.500000000000000000e+01,5.110000000000000000e+02,8.842033294556567569e+01
1.902961730957031250e+01,6.002082129076306671e+01,5.986395466097728786e+02,5.500000000000000000e+01,5.110000000000000000e+02,8.778324883712343762e+01
1.903962421417236328e+01,5.985871334899713503e+01,5.980107642901958798e+02,5.500000000000000000e+01,5.100000000000000000e+02,8.814477707925830430e+01
1.904963159561157227e+01,5.969663244195727714e+01,5.973820868325867650e+02,5.400000000000000000e+01,5.090000000000000000e+02,8.856548364945379603e+01
1.905963730812072754e+01,5.953449746546526455e+01,5.967531996510419958e+02,5.400000000000000000e+01,5.090000000000000000e+02,8.792755376553404290e+01
1.906964635848999023e+01,5.937239338580305770e+01,5.961244323117462045e+02,5.400000000000000000e+01,5.080000000000000000e+02,8.828804098494516950e+01
1.907965350151062012e+01,5.921032020297064946e+01,5.954957848146992774e+02,5.400000000000000000e+01,5.080000000000000000e+02,8.765078320789635313e+01
1.908965873718261719e+01,5.904821998541216743e+01,5.948670324556845799e+02,5.400000000000000000e+01,5.070000000000000000e+02,8.801193054120243175e+01
1.909966564178466797e+01,5.888611204364623575e+01,5.942382501361075811e+02,5.400000000000000000e+01,5.060000000000000000e+02,8.837342857434781251e+01
1.910967302322387695e+01,5.872401182608775372e+01,5.936094977770928836e+02,5.400000000000000000e+01,5.060000000000000000e+02,8.773676759766945565e+01
1.911967992782592773e+01,5.856188457380319079e+01,5.929806405561103020e+02,5.400000000000000000e+01,5.050000000000000000e+02,8.809883031872888637e+01
1.912968850135803223e+01,5.839976890782980234e+01,5.923518282759711155e+02,5.400000000000000000e+01,5.050000000000000000e+02,8.746256267453551914e+01
1.913969635963439941e+01,5.823769958710111894e+01,5.917231957592052822e+02,5.400000000000000000e+01,5.040000000000000000e+02,8.782549272277593388e+01
1.914970135688781738e+01,5.807559550743891208e+01,5.910944284199094909e+02,5.400000000000000000e+01,5.030000000000000000e+02,8.818865458419702463e+01
1.915970849990844727e+01,5.791349528988043005e+01,5.904656760608947934e+02,5.300000000000000000e+01,5.030000000000000000e+02,8.760357826454956864e+01
1.916971540451049805e+01,5.775138734811449837e+01,5.898368937413177946e+02,5.300000000000000000e+01,5.020000000000000000e+02,8.796530897947994276e+01
1.917972278594970703e+01,5.758926395793366027e+01,5.892080515006164205e+02,5.300000000000000000e+01,5.010000000000000000e+02,8.832735529387817053e+01
1.918973112106323242e+01,5.742718305089380237e+01,5.885793740430073058e+02,5.300000000000000000e+01,5.010000000000000000e+02,8.769120085579341151e+01
1.919973683357238770e+01,5.726507124702413876e+01,5.879505767431492131e+02,5.300000000000000000e+01,5.000000000000000000e+02,8.805393110017730862e+01
1.920974445343017578e+01,5.710294399473957583e+01,5.873217195221666316e+02,5.300000000000000000e+01,5.000000000000000000e+02,8.741805791558118699e+01
1.921975302696228027e+01,5.694085536349226828e+01,5.866930121039952155e+02,5.300000000000000000e+01,4.990000000000000000e+02,8.778151692051930866e+01
1.922975921630859375e+01,5.677873583541515501e+01,5.860641848435749353e+02,5.300000000000000000e+01,4.980000000000000000e+02,8.814521822922208116e+01
1.923976731300354004e+01,5.661661630733804174e+01,5.854353575831546550e+02,5.300000000000000000e+01,4.980000000000000000e+02,8.751012323844952334e+01
1.924977540969848633e+01,5.645450836557211005e+01,5.848065752635776562e+02,5.300000000000000000e+01,4.970000000000000000e+02,8.787450305729264244e+01
1.925978279113769531e+01,5.629241201011735285e+01,5.841778378848440525e+02,5.300000000000000000e+01,4.960000000000000000e+02,8.823928303703631570e+01
1.926978945732116699e+01,5.611439992521061271e+01,5.834873667676300784e+02,5.300000000000000000e+01,4.960000000000000000e+02,8.754278285974221774e+01
1.928077864646911621e+01,5.595197915304292735e+01,5.828573710452826617e+02,5.300000000000000000e+01,4.950000000000000000e+02,8.790694982712386718e+01
1.929080533981323242e+01,5.578991369441796877e+01,5.822287535087980359e+02,5.200000000000000000e+01,4.940000000000000000e+02,8.831011488797518894e+01
1.930081009864807129e+01,5.562780189054830515e+01,5.815999562089399433e+02,5.200000000000000000e+01,4.940000000000000000e+02,8.767504362340095270e+01
1.931081771850585938e+01,5.546570939719727278e+01,5.809712338104874334e+02,5.200000000000000000e+01,4.930000000000000000e+02,8.803947478128927173e+01
1.932082414627075195e+01,5.528741537871858469e+01,5.802796691327519056e+02,5.200000000000000000e+01,4.930000000000000000e+02,8.734155794233853953e+01
1.933183073997497559e+01,5.512531129905637783e+01,5.796509017934561143e+02,5.200000000000000000e+01,4.920000000000000000e+02,8.770660269285373545e+01
1.934183788299560547e+01,5.496320335729044615e+01,5.790221194738791155e+02,5.200000000000000000e+01,4.910000000000000000e+02,8.807198243942568183e+01
1.935184526443481445e+01,5.480109541552451446e+01,5.783933371543021167e+02,5.200000000000000000e+01,4.910000000000000000e+02,8.743821541232641437e+01
1.936185264587402344e+01,5.463899519796603244e+01,5.777645847952874192e+02,5.200000000000000000e+01,4.900000000000000000e+02,8.780425183294988756e+01
1.937185955047607422e+01,5.447687180778519433e+01,5.771357425545860451e+02,5.200000000000000000e+01,4.890000000000000000e+02,8.817053935187462343e+01
1.938186788558959961e+01,5.431477159022671231e+01,5.765069901955713476e+02,5.200000000000000000e+01,4.890000000000000000e+02,8.753760049603107518e+01
1.939187479019165039e+01,5.415266751056450545e+01,5.758782228562755563e+02,5.200000000000000000e+01,4.880000000000000000e+02,8.790458480527777851e+01
1.940188193321228027e+01,5.399057501721347307e+01,5.752495004578230464e+02,5.200000000000000000e+01,4.880000000000000000e+02,8.727220473345920482e+01
1.941188836097717285e+01,5.382845935124008463e+01,5.746206881776838600e+02,5.200000000000000000e+01,4.870000000000000000e+02,8.763976415035611467e+01
1.942189621925354004e+01,5.366637844420022674e+01,5.739920107200747452e+02,5.200000000000000000e+01,4.860000000000000000e+02,8.800778810810463426e+01
1.943190193176269531e+01,5.350423188139703967e+01,5.733630785976865809e+02,5.200000000000000000e+01,4.860000000000000000e+02,8.737602769420554694e+01
1.944191169738769531e+01,5.332596103554070766e+01,5.726716038016377297e+02,5.200000000000000000e+01,4.850000000000000000e+02,8.768163026437812846e+01
1.945291686058044434e+01,5.316382992115241990e+01,5.720427316003740543e+02,5.100000000000000000e+01,4.840000000000000000e+02,8.806931785578436234e+01
1.946292567253112793e+01,5.300174901411256201e+01,5.714140541427649396e+02,5.100000000000000000e+01,4.840000000000000000e+02,8.743697078919042553e+01
1.947293138504028320e+01,5.283961403762054942e+01,5.707851669612201704e+02,5.100000000000000000e+01,4.830000000000000000e+02,8.780444019647703158e+01
1.948294043540954590e+01,5.267752926847696671e+01,5.701564745233299618e+02,5.100000000000000000e+01,4.820000000000000000e+02,8.817243392823587556e+01
1.949294638633728027e+01,5.249923138789455379e+01,5.694865067296263987e+02,5.100000000000000000e+01,4.820000000000000000e+02,8.749935173764096419e+01
1.950395321846008301e+01,5.233710027350626603e+01,5.688772867846522558e+02,5.100000000000000000e+01,4.810000000000000000e+02,8.788745854656072254e+01
1.951396203041076660e+01,5.215907274018462658e+01,5.682083348412618307e+02,5.100000000000000000e+01,4.810000000000000000e+02,8.721603703105685668e+01
1.952495217323303223e+01,5.199696866052241973e+01,5.675844797468042771e+02,5.100000000000000000e+01,4.800000000000000000e+02,8.759015377899751797e+01
1.953495931625366211e+01,5.183460968201433872e+01,5.669596436780004751e+02,5.100000000000000000e+01,4.790000000000000000e+02,8.796360320770244812e+01
1.954498219490051270e+01,5.167249015393722544e+01,5.663308164175801949e+02,5.100000000000000000e+01,4.790000000000000000e+02,8.733340563134038348e+01
1.955499029159545898e+01,5.151039379848246824e+01,5.657020790388465912e+02,5.100000000000000000e+01,4.780000000000000000e+02,8.770356417823407469e+01
1.956499695777893066e+01,5.134827040830163014e+01,5.650732367981452171e+02,5.100000000000000000e+01,4.770000000000000000e+02,8.807392538305226992e+01
1.957500529289245605e+01,5.118618950126177225e+01,5.644445593405361024e+02,5.100000000000000000e+01,4.770000000000000000e+02,8.744475756036447933e+01
1.958501100540161133e+01,5.102405452476975967e+01,5.638156721589913332e+02,5.100000000000000000e+01,4.760000000000000000e+02,8.781567545350662840e+01
1.959502005577087402e+01,5.086198520404107626e+01,5.631870396422254998e+02,5.100000000000000000e+01,4.750000000000000000e+02,8.818714764036398890e+01
1.960502505302429199e+01,5.070968021779753343e+01,5.625778196972513570e+02,5.100000000000000000e+01,4.750000000000000000e+02,8.757830089982452648e+01
1.961503386497497559e+01,5.055740425584865250e+01,5.619687158494558616e+02,5.100000000000000000e+01,4.740000000000000000e+02,8.796982925523413144e+01
1.962504076957702637e+01,5.041988106199665509e+01,5.613695076476720942e+02,5.100000000000000000e+01,4.740000000000000000e+02,8.737143357287244783e+01
1.963504648208618164e+01,5.028724413155784134e+01,5.607407103478140016e+02,5.100000000000000000e+01,4.730000000000000000e+02,8.774360531267787167e+01
1.964505410194396973e+01,5.015460404121598259e+01,5.601118980676748151e+02,5.100000000000000000e+01,4.720000000000000000e+02,8.811595358058292504e+01
1.965506196022033691e+01,5.002688263255191004e+01,5.594831157480978163e+02,5.100000000000000000e+01,4.720000000000000000e+02,8.748852781025583170e+01
1.966506934165954590e+01,4.988639942877807698e+01,5.587915061295190071e+02,5.100000000000000000e+01,4.710000000000000000e+02,8.779856863708883452e+01
1.967607665061950684e+01,4.976850555266010900e+01,5.581725632798996912e+02,5.100000000000000000e+01,4.700000000000000000e+02,8.818116291998957479e+01
1.968608379364013672e+01,4.965551046253407463e+01,5.575731980192311994e+02,5.000000000000000000e+01,4.700000000000000000e+02,8.757387558145923379e+01
1.969609212875366211e+01,4.953123955096494768e+01,5.569140218796036379e+02,5.000000000000000000e+01,4.690000000000000000e+02,8.791527159376808243e+01
1.970709919929504395e+01,4.941825253614670288e+01,5.563146994531764449e+02,5.000000000000000000e+01,4.680000000000000000e+02,8.831661547872282370e+01
1.971710681915283203e+01,4.931018057496941509e+01,5.557104789429579341e+02,5.000000000000000000e+01,4.680000000000000000e+02,8.771319152352293713e+01
1.972711420059204102e+01,4.920212148747121006e+01,5.551063304083088497e+02,5.000000000000000000e+01,4.670000000000000000e+02,8.810994307193055874e+01
1.973712038993835449e+01,4.909897909208221023e+01,5.545071222065250822e+02,5.000000000000000000e+01,4.670000000000000000e+02,8.751176078416101234e+01
1.974712610244750977e+01,4.900071781063476095e+01,5.539126414537680603e+02,5.000000000000000000e+01,4.660000000000000000e+02,8.791832057240834786e+01
1.975713491439819336e+01,4.890246589186300952e+01,5.533182173451989456e+02,5.000000000000000000e+01,4.650000000000000000e+02,8.832503663261240945e+01
1.976714277267456055e+01,4.880914435811367014e+01,5.527239065250057592e+02,5.000000000000000000e+01,4.650000000000000000e+02,8.773198910983245469e+01
1.977714872360229492e+01,4.871580948255146382e+01,5.521295107385307119e+02,5.000000000000000000e+01,4.640000000000000000e+02,8.813886661568723468e+01
1.978715610504150391e+01,4.862739328866705080e+01,5.515400694459679016e+02,5.000000000000000000e+01,4.630000000000000000e+02,8.855070833528557728e+01
1.979716277122497559e+01,4.853898130798670252e+01,5.509506562414322843e+02,5.000000000000000000e+01,4.630000000000000000e+02,8.796279047936691597e+01
1.980716896057128906e+01,4.845055668769416002e+01,5.503611587728153154e+02,5.000000000000000000e+01,4.620000000000000000e+02,8.837474273938637737e+01
1.981717658042907715e+01,4.836213628060568226e+01,5.497766016370636635e+02,5.000000000000000000e+01,4.610000000000000000e+02,8.879170904870117909e+01
1.982718372344970703e+01,4.827371376691517213e+01,5.491920305743319659e+02,5.000000000000000000e+01,4.610000000000000000e+02,8.820892427063398600e+01
1.983719110488891602e+01,4.818529125322466200e+01,5.486074595116002683e+02,5.000000000000000000e+01,4.600000000000000000e+02,8.862604046743543051e+01
1.984719848632812500e+01,4.809686452633008713e+01,5.480228605949083658e+02,5.000000000000000000e+01,4.600000000000000000e+02,8.804343196367241831e+01
1.985720634460449219e+01,4.800843779943551226e+01,5.474382616782164632e+02,5.000000000000000000e+01,4.590000000000000000e+02,8.846068306690496286e+01
1.986721420288085938e+01,4.792002581875516398e+01,5.468390249202718678e+02,5.000000000000000000e+01,4.580000000000000000e+02,8.886337063930970714e+01
1.987722039222717285e+01,4.783158855885042726e+01,5.462396168253619635e+02,5.000000000000000000e+01,4.580000000000000000e+02,8.826625621190019899e+01
1.988722944259643555e+01,4.774319343098633084e+01,5.456404942920609074e+02,5.000000000000000000e+01,4.570000000000000000e+02,8.866921903474072053e+01
1.989723372459411621e+01,4.765476249088769123e+01,5.450411290313924155e+02,5.000000000000000000e+01,4.560000000000000000e+02,8.907200906097953919e+01
1.990724205970764160e+01,4.756636104321749769e+01,5.444419636638500606e+02,5.000000000000000000e+01,4.560000000000000000e+02,8.847544029441019120e+01
1.991724705696105957e+01,4.747793642292495520e+01,5.438426412374228676e+02,5.000000000000000000e+01,4.550000000000000000e+02,8.887843217973772880e+01
1.992725467681884766e+01,4.738951812243850981e+01,5.432384495174321728e+02,5.000000000000000000e+01,4.550000000000000000e+02,8.827705584620220236e+01
1.993726158142089844e+01,4.730108296913580546e+01,5.426341426365303278e+02,5.000000000000000000e+01,4.540000000000000000e+02,8.867522424021431959e+01
1.994727039337158203e+01,4.721266888185342481e+01,5.420250678130295228e+02,5.000000000000000000e+01,4.530000000000000000e+02,8.906869210826378946e+01
1.995727682113647461e+01,4.712424215495884994e+01,5.414159059166446468e+02,5.000000000000000000e+01,4.530000000000000000e+02,8.846266106241816374e+01
1.996728467941284180e+01,4.703583438748256640e+01,5.408068746295857636e+02,5.000000000000000000e+01,4.520000000000000000e+02,8.885632931453670835e+01
1.997729039192199707e+01,4.694741819359815338e+01,5.401977852939376135e+02,5.000000000000000000e+01,4.510000000000000000e+02,8.925000368083000524e+01
1.998729705810546875e+01,4.686389809393640604e+01,5.395885798611108157e+02,5.000000000000000000e+01,4.510000000000000000e+02,8.864407265561315796e+01
1.999730563163757324e+01,4.678040385866627560e+01,5.389795630861992777e+02,5.000000000000000000e+01,4.500000000000000000e+02,8.903779223635437745e+01
2.000731110572814941e+01,4.669689171727887356e+01,5.383704157019617469e+02,5.000000000000000000e+01,4.500000000000000000e+02,8.843212592528185212e+01
2.001731872558593750e+01,4.661337559675430242e+01,5.377612392934295258e+02,5.000000000000000000e+01,4.490000000000000000e+02,8.882582296693972523e+01
2.002732682228088379e+01,4.653478904201801925e+01,5.371521934942232974e+02,5.000000000000000000e+01,4.480000000000000000e+02,8.921951183353756676e+01
2.003733277320861816e+01,4.645618001686005982e+01,5.365429735492491545e+02,5.000000000000000000e+01,4.480000000000000000e+02,8.861386361634356490e+01
2.004734158515930176e+01,4.637759533465891337e+01,5.359339422621902713e+02,5.000000000000000000e+01,4.470000000000000000e+02,8.900768451012574189e+01
2.005734729766845703e+01,4.629899005457123451e+01,5.353247513415108187e+02,5.000000000000000000e+01,4.460000000000000000e+02,8.940139079924260557e+01
2.006735563278198242e+01,4.622039975476467077e+01,5.347156765180100138e+02,5.000000000000000000e+01,4.460000000000000000e+02,8.879615215797346650e+01
2.007736206054687500e+01,4.614180009228240920e+01,5.341065291337724830e+02,5.000000000000000000e+01,4.450000000000000000e+02,8.919001760732955120e+01
2.008736968040466309e+01,4.606320417487042818e+01,5.334974107738296425e+02,5.000000000000000000e+01,4.450000000000000000e+02,8.858493142200143211e+01
2.009737682342529297e+01,4.598461949266928173e+01,5.328883794867707593e+02,5.000000000000000000e+01,4.440000000000000000e+02,8.897902723902313937e+01
2.010738253593444824e+01,4.590602170272216398e+01,5.322792466146805737e+02,5.000000000000000000e+01,4.430000000000000000e+02,8.937306380774654713e+01
2.011738991737365723e+01,4.582742765784531969e+01,5.316701427668850783e+02,5.000000000000000000e+01,4.430000000000000000e+02,8.876826335042437677e+01
2.012739682197570801e+01,4.574881863268736026e+01,5.310609228219109355e+02,5.000000000000000000e+01,4.420000000000000000e+02,8.916232678047474280e+01
2.013740563392639160e+01,4.567023395048621381e+01,5.304518915348520522e+02,5.000000000000000000e+01,4.410000000000000000e+02,8.955661769632916958e+01
2.014741134643554688e+01,4.559163241546881551e+01,5.298427296384671763e+02,5.000000000000000000e+01,4.410000000000000000e+02,8.895203378436110597e+01
2.015741920471191406e+01,4.551303275298655393e+01,5.292335822542296455e+02,5.000000000000000000e+01,4.400000000000000000e+02,8.934632100427045032e+01
2.016742682456970215e+01,4.543443683557457291e+01,5.286244638942868050e+02,5.000000000000000000e+01,4.390000000000000000e+02,8.974067581284796802e+01
2.017743396759033203e+01,4.535584091816259189e+01,5.280153455343439646e+02,5.000000000000000000e+01,4.390000000000000000e+02,8.913641205577023641e+01
2.018744111061096191e+01,4.527725249089117199e+01,5.274062852229903910e+02,5.000000000000000000e+01,4.380000000000000000e+02,8.953093421499355031e+01
2.019744729995727539e+01,4.519865844601432769e+01,5.267971813751948957e+02,5.000000000000000000e+01,4.380000000000000000e+02,8.892689301272865521e+01
2.020745420455932617e+01,4.512005691099692939e+01,5.261880194788100198e+02,5.000000000000000000e+01,4.370000000000000000e+02,8.932142331548745062e+01
2.021746206283569336e+01,4.504147222879578294e+01,5.255789881917511366e+02,5.000000000000000000e+01,4.360000000000000000e+02,8.971611963920247490e+01
2.022746777534484863e+01,4.496286133110268679e+01,5.249697537346296485e+02,5.000000000000000000e+01,4.360000000000000000e+02,8.911223173936531339e+01
2.023747682571411133e+01,4.488426728622584250e+01,5.243606498868341532e+02,5.000000000000000000e+01,4.350000000000000000e+02,8.950696324530360926e+01
2.024748373031616211e+01,4.480567511388414204e+01,5.237515605511860031e+02,5.000000000000000000e+01,4.340000000000000000e+02,8.990174432343195576e+01
2.025749039649963379e+01,4.472707919647216102e+01,5.231424421912431626e+02,5.000000000000000000e+01,4.340000000000000000e+02,8.929825694614316944e+01
2.026749753952026367e+01,4.464848702413046055e+01,5.225333528555950124e+02,5.000000000000000000e+01,4.330000000000000000e+02,8.969314335385611514e+01
2.027750420570373535e+01,4.456988923418334281e+01,5.219242199835048268e+02,5.000000000000000000e+01,4.330000000000000000e+02,8.908985914571756837e+01
2.028751158714294434e+01,4.448343054172042343e+01,5.212541651169171928e+02,5.000000000000000000e+01,4.320000000000000000e+02,8.942448506592553770e+01
2.029851984977722168e+01,4.440250718016343967e+01,5.205851986613794224e+02,5.000000000000000000e+01,4.310000000000000000e+02,8.975990054064754986e+01
2.030951023101806641e+01,4.432882350758971057e+01,5.199760803014365820e+02,5.000000000000000000e+01,4.310000000000000000e+02,8.915663244322183800e+01
2.031951737403869629e+01,4.425513983501598148e+01,5.193669619414937415e+02,5.100000000000000000e+01,4.300000000000000000e+02,8.962113046205999467e+01
2.032952451705932617e+01,4.418145616244225238e+01,5.187578435815509010e+02,5.100000000000000000e+01,4.290000000000000000e+02,9.001645974195416500e+01
2.033953166007995605e+01,4.410777248986852328e+01,5.181634619561227737e+02,5.100000000000000000e+01,4.290000000000000000e+02,8.942944564321287260e+01
2.034953880310058594e+01,4.403408881729479418e+01,5.175690803306946464e+02,5.100000000000000000e+01,4.280000000000000000e+02,8.983954624713867076e+01
2.035954594612121582e+01,4.396040690022275754e+01,5.169796249941183532e+02,5.100000000000000000e+01,4.270000000000000000e+02,9.025457764065265565e+01
2.036955285072326660e+01,4.388672322764902844e+01,5.163901556135284636e+02,5.100000000000000000e+01,4.270000000000000000e+02,8.967273067689475852e+01
2.037955999374389648e+01,4.381290262594321661e+01,5.157995907998820257e+02,5.100000000000000000e+01,4.260000000000000000e+02,9.008674084731021026e+01
2.038958573341369629e+01,4.374414594442195892e+01,5.152102478154140499e+02,5.100000000000000000e+01,4.260000000000000000e+02,8.950483636856409930e+01
2.039959073066711426e+01,4.367535977047225515e+01,5.146206520387022465e+02,5.100000000000000000e+01,4.250000000000000000e+02,8.991947300965549061e+01
2.040960001945495605e+01,4.360659653507800471e+01,5.140361645378511639e+02,5.100000000000000000e+01,4.240000000000000000e+02,9.033921263483608755e+01
2.041960597038269043e+01,4.353782346887427224e+01,5.134515934751194663e+02,5.100000000000000000e+01,4.240000000000000000e+02,8.976230641989832293e+01
2.042961335182189941e+01,4.346905204113878796e+01,5.128670363393678144e+02,5.100000000000000000e+01,4.230000000000000000e+02,9.018203478287863106e+01
2.043962049484252930e+01,4.340028225187155186e+01,5.122824931305963219e+02,5.100000000000000000e+01,4.220000000000000000e+02,9.060178958347009370e+01
2.044962739944458008e+01,4.333150754719957121e+01,5.116979081408845218e+02,5.100000000000000000e+01,4.220000000000000000e+02,9.002511039342975607e+01
2.045963501930236816e+01,4.326273775793233511e+01,5.111133649321130292e+02,5.100000000000000000e+01,4.210000000000000000e+02,9.044492117521416219e+01
2.046964192390441895e+01,4.319397124560159540e+01,5.105288495773017416e+02,5.100000000000000000e+01,4.210000000000000000e+02,8.986850945436681570e+01
2.047964835166931152e+01,4.312519490246137366e+01,5.099442506606098391e+02,5.100000000000000000e+01,4.200000000000000000e+02,9.028832029793684910e+01
2.048965620994567871e+01,4.305643330553537140e+01,5.093597770867388590e+02,5.100000000000000000e+01,4.190000000000000000e+02,9.070826625503623575e+01
2.049966192245483398e+01,4.298764221618092307e+01,5.087750528272260340e+02,5.100000000000000000e+01,4.190000000000000000e+02,9.013189217689347288e+01
2.050967192649841309e+01,4.291887078844543879e+01,5.081904956914744389e+02,5.100000000000000000e+01,4.180000000000000000e+02,9.055180927186219719e+01
2.051967906951904297e+01,4.285011246845593291e+01,5.076060499715636638e+02,5.100000000000000000e+01,4.170000000000000000e+02,9.097184706394781983e+01
2.052968430519104004e+01,4.278132629450622915e+01,5.070213674929911463e+02,5.100000000000000000e+01,4.170000000000000000e+02,9.039575876547272060e+01
2.053969359397888184e+01,4.271257288992146073e+01,5.064369635540206218e+02,5.100000000000000000e+01,4.160000000000000000e+02,9.081588971637133056e+01
2.054969811439514160e+01,4.264380965452721028e+01,5.058524760531695392e+02,5.100000000000000000e+01,4.160000000000000000e+02,9.024019819335049419e+01
2.055970406532287598e+01,4.257503167291874036e+01,5.052678632094975342e+02,5.200000000000000000e+01,4.150000000000000000e+02,9.075856519566097802e+01
2.056971216201782227e+01,4.250625860671500789e+01,5.046832921467658366e+02,5.200000000000000000e+01,4.140000000000000000e+02,9.117889339215658140e+01
2.057971954345703125e+01,4.243749537132075744e+01,5.040988046459147540e+02,5.200000000000000000e+01,4.140000000000000000e+02,9.060483482351382634e+01
2.058972549438476562e+01,4.236871575124403932e+01,5.035141778752626465e+02,5.200000000000000000e+01,4.130000000000000000e+02,9.102515055035624414e+01
2.059973382949829102e+01,4.229993940810381758e+01,5.029295789585707439e+02,5.200000000000000000e+01,4.120000000000000000e+02,9.144550019038339883e+01
2.060974168777465820e+01,4.223118108811431171e+01,5.023451332386599688e+02,5.200000000000000000e+01,4.120000000000000000e+02,9.087173885672287099e+01
2.061974692344665527e+01,4.216241129884707561e+01,5.017605900298884762e+02,5.200000000000000000e+01,4.110000000000000000e+02,9.129218397007787189e+01
2.062975382804870605e+01,4.209362840183386112e+01,5.011759354052761637e+02,5.200000000000000000e+01,4.100000000000000000e+02,9.171252583626755950e+01
2.063976263999938965e+01,4.202485861256662503e+01,5.005913921965046711e+02,5.200000000000000000e+01,4.100000000000000000e+02,9.113892574416387049e+01
2.064976954460144043e+01,4.195608390789464437e+01,5.000068072067928711e+02,5.200000000000000000e+01,4.090000000000000000e+02,9.155937531700190846e+01
2.065977716445922852e+01,4.188732558790513849e+01,4.994223614868820960e+02,5.200000000000000000e+01,4.090000000000000000e+02,9.098609586431004459e+01
2.066978240013122559e+01,4.181854269089192400e+01,4.988377068622697834e+02,5.200000000000000000e+01,4.080000000000000000e+02,9.140651541839260119e+01
2.067979121208190918e+01,4.174978109396592174e+01,4.982532332883988033e+02,5.200000000000000000e+01,4.070000000000000000e+02,9.182711785310782204e+01
2.068979692459106445e+01,4.167424443083816499e+01,4.976111716518128674e+02,5.200000000000000000e+01,4.070000000000000000e+02,9.119761869801411081e+01
2.070078849792480469e+01,4.160547300310268071e+01,4.970266145160612723e+02,5.200000000000000000e+01,4.060000000000000000e+02,9.161817910079224703e+01
2.071079564094543457e+01,4.153657869024866756e+01,4.964459338791488676e+02,5.200000000000000000e+01,4.050000000000000000e+02,9.204260974426476594e+01
2.072082066535949707e+01,4.146777121621175155e+01,4.958659851694091003e+02,5.300000000000000000e+01,4.050000000000000000e+02,9.159486645838242680e+01
2.073083305358886719e+01,4.139903747324595429e+01,4.952866579072687614e+02,5.300000000000000000e+01,4.040000000000000000e+02,9.202084678715939958e+01
2.074083471298217773e+01,4.133027587631995203e+01,4.947070958760353392e+02,5.300000000000000000e+01,4.040000000000000000e+02,9.145468661248075648e+01
2.075084042549133301e+01,4.126149461777498573e+01,4.941273681254420467e+02,5.300000000000000000e+01,4.030000000000000000e+02,9.188030109919294830e+01
2.076084899902343750e+01,4.118596614698846992e+01,4.934799812329861766e+02,5.300000000000000000e+01,4.020000000000000000e+02,9.223967889291249378e+01
2.077183938026428223e+01,4.111708002647569060e+01,4.928895287714480560e+02,5.300000000000000000e+01,4.020000000000000000e+02,9.166302541042962559e+01
2.078186321258544922e+01,4.104830532180370994e+01,4.923000313028310870e+02,5.300000000000000000e+01,4.010000000000000000e+02,9.207898088911910861e+01
2.079187083244323730e+01,4.097953389406822566e+01,4.917105619222412543e+02,5.300000000000000000e+01,4.000000000000000000e+02,9.249496620625957632e+01
2.080187797546386719e+01,4.091077065867397522e+01,4.911211627617191198e+02,5.300000000000000000e+01,4.000000000000000000e+02,9.191961580160617018e+01
2.081188392639160156e+01,4.083523563401446665e+01,4.904737196932090342e+02,5.300000000000000000e+01,3.990000000000000000e+02,9.227904901217679878e+01
2.082287526130676270e+01,4.076646420627898237e+01,4.898793380677809068e+02,5.300000000000000000e+01,3.980000000000000000e+02,9.269019452881640575e+01
2.083288240432739258e+01,4.069769277854349809e+01,4.892849564423527795e+02,5.300000000000000000e+01,3.980000000000000000e+02,9.211020592558321596e+01
2.084288954734802246e+01,4.063383359564626574e+01,4.886954870617629467e+02,5.400000000000000000e+01,3.970000000000000000e+02,9.266453880445750713e+01
2.085289669036865234e+01,4.056997441274903338e+01,4.881109299260113517e+02,5.400000000000000000e+01,3.970000000000000000e+02,9.209542409510240191e+01
2.086290383338928223e+01,4.050611522985180102e+01,4.875263727902597566e+02,5.400000000000000000e+01,3.960000000000000000e+02,9.251573834938376706e+01
2.087291097640991211e+01,4.044716969619417313e+01,4.869418295814882640e+02,5.400000000000000000e+01,3.950000000000000000e+02,9.293534976549659632e+01
2.088291788101196289e+01,4.038822275813518559e+01,4.863572724457366689e+02,5.400000000000000000e+01,3.950000000000000000e+02,9.236574965000124848e+01
2.089292502403259277e+01,4.032927582007619804e+01,4.857727153099850739e+02,5.400000000000000000e+01,3.940000000000000000e+02,9.278534353534033130e+01
2.090293216705322266e+01,4.027032888201721050e+01,4.851930704190717165e+02,5.400000000000000000e+01,3.930000000000000000e+02,9.320979617134609896e+01
2.091293931007385254e+01,4.021138053955687042e+01,4.846134117182116938e+02,5.400000000000000000e+01,3.930000000000000000e+02,9.264525478013149495e+01
2.092294669151306152e+01,4.015243360149788288e+01,4.840337668272983365e+02,5.400000000000000000e+01,3.920000000000000000e+02,9.306970146928830445e+01
2.093295383453369141e+01,4.009348806784025498e+01,4.834541357463316444e+02,5.400000000000000000e+01,3.920000000000000000e+02,9.250540535140504517e+01
2.094296073913574219e+01,4.003444563048915228e+01,4.828735517790457834e+02,5.400000000000000000e+01,3.910000000000000000e+02,9.292893104595989939e+01
2.095298409461975098e+01,3.997549167042339491e+01,4.822938378383991562e+02,5.400000000000000000e+01,3.900000000000000000e+02,9.335330383455684000e+01
2.096299242973327637e+01,3.991654473236440737e+01,4.817141929474857989e+02,5.500000000000000000e+01,3.900000000000000000e+02,9.294624150991484157e+01
2.097299957275390625e+01,3.985759638990406728e+01,4.811345342466257762e+02,5.500000000000000000e+01,3.890000000000000000e+02,9.337057774231507778e+01
2.098300695419311523e+01,3.979865226064779193e+01,4.805450929540630227e+02,5.500000000000000000e+01,3.880000000000000000e+02,9.378526111798630893e+01
2.099301362037658691e+01,3.973970672699016404e+01,4.799556376174867296e+02,5.500000000000000000e+01,3.880000000000000000e+02,9.321328145933287601e+01
2.100302052497863770e+01,3.968075557572711176e+01,4.793661261048562210e+02,5.500000000000000000e+01,3.870000000000000000e+02,9.362788314038087378e+01
2.101302838325500488e+01,3.962181285087218896e+01,4.787766988563070072e+02,5.500000000000000000e+01,3.870000000000000000e+02,9.305617170803269289e+01
2.102303481101989746e+01,3.956285467760236685e+01,4.781871171236088003e+02,5.500000000000000000e+01,3.860000000000000000e+02,9.347069069642520844e+01
2.103304386138916016e+01,3.950392599676099081e+01,4.776076517620019217e+02,5.500000000000000000e+01,3.850000000000000000e+02,9.389518344614955936e+01
2.104304790496826172e+01,3.944988100459698899e+01,4.770278963915153554e+02,5.500000000000000000e+01,3.850000000000000000e+02,9.333241620690358786e+01
2.105305695533752441e+01,3.939585532295161130e+01,4.764483481702285985e+02,5.500000000000000000e+01,3.840000000000000000e+02,9.375599399774964127e+01
2.106306242942810059e+01,3.934182062973087568e+01,4.758687032793152412e+02,5.600000000000000000e+01,3.840000000000000000e+02,9.336676915345698546e+01
2.107306957244873047e+01,3.928777563756687385e+01,4.752889479088286748e+02,5.600000000000000000e+01,3.830000000000000000e+02,9.378991603183573034e+01
2.108307862281799316e+01,3.923375124328940444e+01,4.747094134974885264e+02,5.600000000000000000e+01,3.820000000000000000e+02,9.421328169860238688e+01
2.109308385848999023e+01,3.918462996524137765e+01,4.741248702887170339e+02,5.600000000000000000e+01,3.820000000000000000e+02,9.364693478763091150e+01
2.110309076309204102e+01,3.913549932451765301e+01,4.735402156641047213e+02,5.600000000000000000e+01,3.810000000000000000e+02,9.406435508837742532e+01
2.111309957504272461e+01,3.909129122757544650e+01,4.729556863823133313e+02,5.600000000000000000e+01,3.800000000000000000e+02,9.448102488414093614e+01
2.112310624122619629e+01,3.905198109739104950e+01,4.723709481958204037e+02,5.600000000000000000e+01,3.800000000000000000e+02,9.391287140386097576e+01
2.113311648368835449e+01,3.901268501122019927e+01,4.717864189140290136e+02,5.600000000000000000e+01,3.790000000000000000e+02,9.432861922777044583e+01
2.114312314987182617e+01,3.897830748969369097e+01,4.712020010480783867e+02,5.600000000000000000e+01,3.790000000000000000e+02,9.376005019828683373e+01
2.115312790870666504e+01,3.894392259506007292e+01,4.706174578393068941e+02,5.700000000000000000e+01,3.780000000000000000e+02,9.436109064582166184e+01
2.116313481330871582e+01,3.890953688119233078e+01,4.700329007035552991e+02,5.700000000000000000e+01,3.770000000000000000e+02,9.477544760733404416e+01
2.117314195632934570e+01,3.888006270996216074e+01,4.694483296408236015e+02,5.700000000000000000e+01,3.770000000000000000e+02,9.420735523712194492e+01
2.118314933776855469e+01,3.885059134753470289e+01,4.688638142860123139e+02,5.700000000000000000e+01,3.760000000000000000e+02,9.462076430774149571e+01
2.119315576553344727e+01,3.883094190004792523e+01,4.682743308614089415e+02,5.700000000000000000e+01,3.750000000000000000e+02,9.502744587687821820e+01
2.120316314697265625e+01,3.881620551663351648e+01,4.676897876526374489e+02,5.700000000000000000e+01,3.750000000000000000e+02,9.445658853094543872e+01
2.121317005157470703e+01,3.880147018652012747e+01,4.671052862248062638e+02,5.700000000000000000e+01,3.740000000000000000e+02,9.486717456726121611e+01
2.122317624092102051e+01,3.879164405837538254e+01,4.665206316001939513e+02,5.700000000000000000e+01,3.740000000000000000e+02,9.429534186690085562e+01
2.123318505287170410e+01,3.878182027089956563e+01,4.659361162453826637e+02,5.700000000000000000e+01,3.730000000000000000e+02,9.470493004810829518e+01
2.124319148063659668e+01,3.877199671749063725e+01,4.653516148175514786e+02,5.800000000000000000e+01,3.720000000000000000e+02,9.531128002118474285e+01
2.125319766998291016e+01,3.876708377045171261e+01,4.647669741199192686e+02,5.800000000000000000e+01,3.720000000000000000e+02,9.473973059946177955e+01
2.126320624351501465e+01,3.876217187671380060e+01,4.641824587651079810e+02,5.800000000000000000e+01,3.710000000000000000e+02,9.514759404426446565e+01
2.127321267127990723e+01,3.875725951484210441e+01,4.635978877023762834e+02,5.800000000000000000e+01,3.710000000000000000e+02,9.457616966403864467e+01
2.128322005271911621e+01,3.875234738703730386e+01,4.630133444936047908e+02,5.800000000000000000e+01,3.700000000000000000e+02,9.498396909476508654e+01
2.129322695732116699e+01,3.874743479109871913e+01,4.624287455769128883e+02,5.800000000000000000e+01,3.690000000000000000e+02,9.539178039641841167e+01
2.130323481559753418e+01,3.874743479109871913e+01,4.618343781125317946e+02,5.800000000000000000e+01,3.690000000000000000e+02,9.480972010645068337e+01
2.131324172019958496e+01,3.874743479109871913e+01,4.612399823260566905e+02,5.800000000000000000e+01,3.680000000000000000e+02,9.520690926233432094e+01
2.132324910163879395e+01,3.874743479109871913e+01,4.606456148616755968e+02,5.900000000000000000e+01,3.670000000000000000e+02,9.581058177655575037e+01
2.133325600624084473e+01,3.874743479109871913e+01,4.600512473972945031e+02,5.900000000000000000e+01,3.670000000000000000e+02,9.522972771006597270e+01
2.134326291084289551e+01,3.874743479109871913e+01,4.594568657718663758e+02,5.900000000000000000e+01,3.660000000000000000e+02,9.562610604558489058e+01
2.135327005386352539e+01,3.874743479109871913e+01,4.588624841464382484e+02,5.900000000000000000e+01,3.660000000000000000e+02,9.504529109528937170e+01
2.136327719688415527e+01,3.874743479109871913e+01,4.582681591651981421e+02,5.900000000000000000e+01,3.650000000000000000e+02,9.544168854125294388e+01
2.137328338623046875e+01,3.874743479109871913e+01,4.576737917008170484e+02,5.900000000000000000e+01,3.640000000000000000e+02,9.583812210779622376e+01
2.138329029083251953e+01,3.874743479109871913e+01,4.570794242364359548e+02,5.900000000000000000e+01,3.640000000000000000e+02,9.525726016282024489e+01
2.139329719543457031e+01,3.874743479109871913e+01,4.564850142889138738e+02,6.000000000000000000e+01,3.630000000000000000e+02,9.587032608976059578e+01
2.140330481529235840e+01,3.875743150052011288e+01,4.558906609855797569e+02,6.000000000000000000e+01,3.630000000000000000e+02,9.528862269333629342e+01
2.141331148147583008e+01,3.877241768496805463e+01,4.552962793601516296e+02,6.000000000000000000e+01,3.620000000000000000e+02,9.568075038056981896e+01
2.142331862449645996e+01,3.878740351237254913e+01,4.547019118957705359e+02,6.000000000000000000e+01,3.610000000000000000e+02,9.607300631639279231e+01
2.143332552909851074e+01,3.880738107501201739e+01,4.541074594651074676e+02,6.000000000000000000e+01,3.610000000000000000e+02,9.548887948314394691e+01
2.144333386421203613e+01,3.883234585155528151e+01,4.535130636786323635e+02,6.000000000000000000e+01,3.600000000000000000e+02,9.587889580461448702e+01
2.145334124565124512e+01,3.885730646472512717e+01,4.529187670194862108e+02,6.000000000000000000e+01,3.590000000000000000e+02,9.626914504859324495e+01
2.146334695816040039e+01,3.888726464057268117e+01,4.523242862667291320e+02,6.100000000000000000e+01,3.590000000000000000e+02,9.590826592254953198e+01
2.147335577011108398e+01,3.892016011636755479e+01,4.516715186445497920e+02,6.100000000000000000e+01,3.580000000000000000e+02,9.623862392232697971e+01
2.148434591293334961e+01,3.895016396451749330e+01,4.510761315847851733e+02,6.100000000000000000e+01,3.580000000000000000e+02,9.565229500634005433e+01
2.149436998367309570e+01,3.898510864109627505e+01,4.504817074762161155e+02,6.100000000000000000e+01,3.570000000000000000e+02,9.603897684905422238e+01
2.150437784194946289e+01,3.902354562085420753e+01,4.498278777755123201e+02,6.100000000000000000e+01,3.560000000000000000e+02,9.636718941079041656e+01
2.151538586616516113e+01,3.906846472706921958e+01,4.492335103111312264e+02,6.100000000000000000e+01,3.560000000000000000e+02,9.577828399153756322e+01
2.152539277076721191e+01,3.911837509124218570e+01,4.486391145246561223e+02,6.100000000000000000e+01,3.550000000000000000e+02,9.616178699259511120e+01
2.153540015220642090e+01,3.916828188818085010e+01,4.480447612213220054e+02,6.200000000000000000e+01,3.540000000000000000e+02,9.677656981476994247e+01
2.154540681838989258e+01,3.922319794199860610e+01,4.474503937569409118e+02,6.200000000000000000e+01,3.540000000000000000e+02,9.618606346720234512e+01
2.155541372299194336e+01,3.928808711705523393e+01,4.468560687757008054e+02,6.200000000000000000e+01,3.530000000000000000e+02,9.656496586667212512e+01
2.156541991233825684e+01,3.935298093047649104e+01,4.462617013113197117e+02,6.200000000000000000e+01,3.530000000000000000e+02,9.597203970020213148e+01
2.157542681694030762e+01,3.942986321491054014e+01,4.456078008053809185e+02,6.200000000000000000e+01,3.520000000000000000e+02,9.629034970399432325e+01
2.158643603324890137e+01,3.949974424314991239e+01,4.450134475020468017e+02,6.200000000000000000e+01,3.510000000000000000e+02,9.666845307722564939e+01
2.159644269943237305e+01,3.956962027643837132e+01,4.444191366818536721e+02,6.300000000000000000e+01,3.510000000000000000e+02,9.631260453530029508e+01
2.160644865036010742e+01,3.964450076869179185e+01,4.438246984122375807e+02,6.300000000000000000e+01,3.500000000000000000e+02,9.668791742762367392e+01
2.161645674705505371e+01,3.971936699017935979e+01,4.432303734309974743e+02,6.300000000000000000e+01,3.500000000000000000e+02,9.609313400769687519e+01
2.162646293640136719e+01,3.979923315112935001e+01,4.426310510045702244e+02,6.300000000000000000e+01,3.490000000000000000e+02,9.646268343041306537e+01
2.163647055625915527e+01,3.987908979854021396e+01,4.420317999685452151e+02,6.300000000000000000e+01,3.480000000000000000e+02,9.683261792324148587e+01
2.164647698402404785e+01,3.995895976490585610e+01,4.414324489859570804e+02,6.300000000000000000e+01,3.480000000000000000e+02,9.623155438123556848e+01
2.165648508071899414e+01,4.004380707596421018e+01,4.408331836718516001e+02,6.300000000000000000e+01,3.470000000000000000e+02,9.660048214973355130e+01
2.166649174690246582e+01,4.014263938371089324e+01,4.401685036833151798e+02,6.400000000000000000e+01,3.460000000000000000e+02,9.714360885580794047e+01
2.167750048637390137e+01,4.023247759614091734e+01,4.395643119633244851e+02,6.400000000000000000e+01,3.460000000000000000e+02,9.653587723944009724e+01
2.168750739097595215e+01,4.032729565119626614e+01,4.389601778237893086e+02,6.400000000000000000e+01,3.450000000000000000e+02,9.689639801284657494e+01
2.169751334190368652e+01,4.043693816464889323e+01,4.382965054932248563e+02,6.400000000000000000e+01,3.450000000000000000e+02,9.622606622066557236e+01
2.170850539207458496e+01,4.053675889299481838e+01,4.376922849830063456e+02,6.400000000000000000e+01,3.440000000000000000e+02,9.658554730694615387e+01
2.171851277351379395e+01,4.063673657964995556e+01,4.370821943091922890e+02,6.400000000000000000e+01,3.430000000000000000e+02,9.693967899514254327e+01
2.172853589057922363e+01,4.073657633324548755e+01,4.364729453399234558e+02,6.500000000000000000e+01,3.430000000000000000e+02,9.657072661294799332e+01
2.173854517936706543e+01,4.084638052840406885e+01,4.358588708476000306e+02,6.500000000000000000e+01,3.420000000000000000e+02,9.691689723864007533e+01
2.174855303764343262e+01,4.095618210768226675e+01,4.352448109844573878e+02,6.500000000000000000e+01,3.420000000000000000e+02,9.629485943894472655e+01
2.175856065750122070e+01,4.106594968051542338e+01,4.346309413006648583e+02,6.500000000000000000e+01,3.410000000000000000e+02,9.664156421304535627e+01
2.176856517791748047e+01,4.118072955721172690e+01,4.340120279434739814e+02,6.500000000000000000e+01,3.400000000000000000e+02,9.698257081801462220e+01
2.177857184410095215e+01,4.130699261758837793e+01,4.333257917985449126e+02,6.600000000000000000e+01,3.400000000000000000e+02,9.653728827977916183e+01
2.178957962989807129e+01,4.142177249428468144e+01,4.327019664305826723e+02,6.600000000000000000e+01,3.390000000000000000e+02,9.687181107154310666e+01
2.179958629608154297e+01,4.153656877943587489e+01,4.320731391701623352e+02,6.600000000000000000e+01,3.380000000000000000e+02,9.720192889244535195e+01
2.180959439277648926e+01,4.165134318664721746e+01,4.314444317519909760e+02,6.600000000000000000e+01,3.380000000000000000e+02,9.656458416037905579e+01
2.181960058212280273e+01,4.178290291838891335e+01,4.307537958516846857e+02,6.600000000000000000e+01,3.370000000000000000e+02,9.683099724602419656e+01
2.183059239387512207e+01,4.190766328943120556e+01,4.301250434926699313e+02,6.600000000000000000e+01,3.370000000000000000e+02,9.619103083805208598e+01
2.184059929847717285e+01,4.203242663294016523e+01,4.294962761533740832e+02,6.700000000000000000e+01,3.360000000000000000e+02,9.677258586184159128e+01
2.185060644149780273e+01,4.216238609414009630e+01,4.288665051352434716e+02,6.700000000000000000e+01,3.350000000000000000e+02,9.709700227525695482e+01
2.186062955856323242e+01,4.231038552321574286e+01,4.281758692349371813e+02,6.700000000000000000e+01,3.350000000000000000e+02,9.639149169246395843e+01
2.187162137031555176e+01,4.244513007424325224e+01,4.275470869153602393e+02,6.700000000000000000e+01,3.340000000000000000e+02,9.671607471057123462e+01
2.188162875175476074e+01,4.258485375563785169e+01,4.269183495366266357e+02,6.700000000000000000e+01,3.330000000000000000e+02,9.703996983623586914e+01
2.189163541793823242e+01,4.272458742419129862e+01,4.262895672170496937e+02,6.800000000000000000e+01,3.330000000000000000e+02,9.665293493951324422e+01
2.190164279937744141e+01,4.286431776369179403e+01,4.256607998777538455e+02,6.800000000000000000e+01,3.320000000000000000e+02,9.697498623472608870e+01
2.191164994239807129e+01,4.300926811216412204e+01,4.250408690317814830e+02,6.800000000000000000e+01,3.320000000000000000e+02,9.633867338965599458e+01
2.192167305946350098e+01,4.315400813781873524e+01,4.244218377048767934e+02,6.800000000000000000e+01,3.310000000000000000e+02,9.666934918458856885e+01
2.193168163299560547e+01,4.329872747598307825e+01,4.238078071000957152e+02,6.800000000000000000e+01,3.300000000000000000e+02,9.700545106969258313e+01
2.194168877601623535e+01,4.344343647040228973e+01,4.231938203828569272e+02,6.800000000000000000e+01,3.300000000000000000e+02,9.637485652355269394e+01
2.195169520378112793e+01,4.358814546482150121e+01,4.225798336656181391e+02,6.900000000000000000e+01,3.290000000000000000e+02,9.696879714527673855e+01
2.196170163154602051e+01,4.373286480298584422e+01,4.219658030608370609e+02,6.900000000000000000e+01,3.290000000000000000e+02,9.633830318108438462e+01
2.197170877456665039e+01,4.387758069323514576e+01,4.213566992130415656e+02,6.900000000000000000e+01,3.280000000000000000e+02,9.667786323548544658e+01
2.198171567916870117e+01,4.403678817041663507e+01,4.206866008100119529e+02,6.900000000000000000e+01,3.270000000000000000e+02,9.695535630476112487e+01
2.199272465705871582e+01,4.418152130024115820e+01,4.200774244014797887e+02,6.900000000000000000e+01,3.270000000000000000e+02,9.632945457223127050e+01
2.200273275375366211e+01,4.432621305508514808e+01,4.194684221387155958e+02,7.000000000000000000e+01,3.260000000000000000e+02,9.693033205965004129e+01
2.201273798942565918e+01,4.447093239324949110e+01,4.188593037787727553e+02,7.000000000000000000e+01,3.260000000000000000e+02,9.630463950998641565e+01
2.202274513244628906e+01,4.461565173141383411e+01,4.182501854188299149e+02,7.000000000000000000e+01,3.250000000000000000e+02,9.664347995424746784e+01
2.203275227546691895e+01,4.476039520498348878e+01,4.176409654738557720e+02,7.000000000000000000e+01,3.240000000000000000e+02,9.698282355698079016e+01
2.204276108741760254e+01,4.490510419940270026e+01,4.170318906503549101e+02,7.000000000000000000e+01,3.240000000000000000e+02,9.635707796120858859e+01
2.205276751518249512e+01,4.504983043339713333e+01,4.164227432661173793e+02,7.100000000000000000e+01,3.230000000000000000e+02,9.695988995405430444e+01
2.206277513504028320e+01,4.519454977156147635e+01,4.158136249061745389e+02,7.100000000000000000e+01,3.230000000000000000e+02,9.633426301019009941e+01
2.207278227806091309e+01,4.533926221389572930e+01,4.152045355705263319e+02,7.100000000000000000e+01,3.220000000000000000e+02,9.667243099583618005e+01
2.208278894424438477e+01,4.548397810414503084e+01,4.145806953393163781e+02,7.100000000000000000e+01,3.210000000000000000e+02,9.699697888893086883e+01
2.209279584884643555e+01,4.562868709856424232e+01,4.139568848346017944e+02,7.100000000000000000e+01,3.210000000000000000e+02,9.635707527989826815e+01
2.210280227661132812e+01,4.577342367630380693e+01,4.133329554239058439e+02,7.200000000000000000e+01,3.200000000000000000e+02,9.694778942205674355e+01
2.211281061172485352e+01,4.591811887906283829e+01,4.127092043721819437e+02,7.200000000000000000e+01,3.200000000000000000e+02,9.630815696569889894e+01
2.212281608581542969e+01,4.606285545680240290e+01,4.120852749614859931e+02,7.200000000000000000e+01,3.190000000000000000e+02,9.663127796790321611e+01
2.213282442092895508e+01,4.620755755539152432e+01,4.114614941832667228e+02,7.200000000000000000e+01,3.180000000000000000e+02,9.695514933322128570e+01
2.214283037185668945e+01,4.635229068521604745e+01,4.108375796358184289e+02,7.200000000000000000e+01,3.180000000000000000e+02,9.631521783047881513e+01
2.215283846855163574e+01,4.649699278380516887e+01,4.102137988575991585e+02,7.300000000000000000e+01,3.170000000000000000e+02,9.690831589170575455e+01
2.216284441947937012e+01,4.664172936154473348e+01,4.095898694469032080e+02,7.300000000000000000e+01,3.170000000000000000e+02,9.626859485442089692e+01
2.217285275459289551e+01,4.678643146013385490e+01,4.089660886686839376e+02,7.300000000000000000e+01,3.160000000000000000e+02,9.659112183812683838e+01
2.218285870552062988e+01,4.693118182953359963e+01,4.083420998049973036e+02,7.300000000000000000e+01,3.160000000000000000e+02,9.595127241053619116e+01
2.219286799430847168e+01,4.707589771978290116e+01,4.077182595737873498e+02,7.300000000000000000e+01,3.150000000000000000e+02,9.627426830377557110e+01
2.220287489891052246e+01,4.722059292254193252e+01,4.070895970964593289e+02,7.400000000000000000e+01,3.140000000000000000e+02,9.686490453720243465e+01
2.221288037300109863e+01,4.736533984402663577e+01,4.064607099149145597e+02,7.400000000000000000e+01,3.140000000000000000e+02,9.622051756041523163e+01
2.222288942337036133e+01,4.751003159887062566e+01,4.058320624178676326e+02,7.400000000000000000e+01,3.130000000000000000e+02,9.653761048755922047e+01
2.223289465904235840e+01,4.765475093703496867e+01,4.052032950785717844e+02,7.400000000000000000e+01,3.130000000000000000e+02,9.589327281689701010e+01
2.224290180206298828e+01,4.779948751477453328e+01,4.045744528378703535e+02,7.500000000000000000e+01,3.120000000000000000e+02,9.648780854434403409e+01
2.225291013717651367e+01,4.794419995710878624e+01,4.039457154591367498e+02,7.500000000000000000e+01,3.110000000000000000e+02,9.680352440986705176e+01
2.226291680335998535e+01,4.808890895152799771e+01,4.033169930606842399e+02,7.500000000000000000e+01,3.110000000000000000e+02,9.615941986714339862e+01
2.227292323112487793e+01,4.823362484177729925e+01,4.026882407016694856e+02,7.500000000000000000e+01,3.100000000000000000e+02,9.647563839374862482e+01
2.228293013572692871e+01,4.837834762785669085e+01,4.020594583820925436e+02,7.500000000000000000e+01,3.100000000000000000e+02,9.583139492164075079e+01
2.229293751716613770e+01,4.852308765351130404e+01,4.014306011611100189e+02,7.600000000000000000e+01,3.090000000000000000e+02,9.642819475185054046e+01
2.230294609069824219e+01,4.866781043959069564e+01,4.008018188415330769e+02,7.600000000000000000e+01,3.080000000000000000e+02,9.674309363702853659e+01
2.231295347213745117e+01,4.881250909026477558e+01,4.001731413839239053e+02,7.600000000000000000e+01,3.080000000000000000e+02,9.609915532692137674e+01
2.232295918464660645e+01,4.895721808468398706e+01,3.995444189854713954e+02,7.600000000000000000e+01,3.070000000000000000e+02,9.641463342811516668e+01
2.233296561241149902e+01,4.911617386406722119e+01,3.988537980654461990e+02,7.700000000000000000e+01,3.070000000000000000e+02,9.599285379144998842e+01
2.234395718574523926e+01,4.926089320223156420e+01,3.982250307261503508e+02,7.700000000000000000e+01,3.060000000000000000e+02,9.630635668727884990e+01
2.235396432876586914e+01,4.940561254039590722e+01,3.975962633868545026e+02,7.700000000000000000e+01,3.050000000000000000e+02,9.662048547010351740e+01
2.236397147178649902e+01,4.955033187856025023e+01,3.969674960475586545e+02,7.700000000000000000e+01,3.050000000000000000e+02,9.597658365057021967e+01
2.237397861480712891e+01,4.969505121672459325e+01,3.963387287082628063e+02,7.700000000000000000e+01,3.040000000000000000e+02,9.629123037699461918e+01
2.238398575782775879e+01,4.983977055488893626e+01,3.957099613689669582e+02,7.800000000000000000e+01,3.040000000000000000e+02,9.593599708502910062e+01
2.239399290084838867e+01,4.998448989305327927e+01,3.950811940296711100e+02,7.800000000000000000e+01,3.030000000000000000e+02,9.624871479912016525e+01
2.240400004386901855e+01,5.012920923121762229e+01,3.944524266903752618e+02,7.800000000000000000e+01,3.030000000000000000e+02,9.560505910063392321e+01
2.241400718688964844e+01,5.027392512146692383e+01,3.938236743313605075e+02,7.800000000000000000e+01,3.020000000000000000e+02,9.591831105624085296e+01
2.242401409149169922e+01,5.041864790754631542e+01,3.931948920117835655e+02,7.900000000000000000e+01,3.010000000000000000e+02,9.652352977640860843e+01
2.243402147293090820e+01,5.056336379779561696e+01,3.925661396527688112e+02,7.900000000000000000e+01,3.010000000000000000e+02,9.588013459214000989e+01
2.244402837753295898e+01,5.070808313595995998e+01,3.919373723134729630e+02,7.900000000000000000e+01,3.000000000000000000e+02,9.619206301846269014e+01
2.245403552055358887e+01,5.085280592203935157e+01,3.913085899938960210e+02,7.900000000000000000e+01,3.000000000000000000e+02,9.554853814232738785e+01
2.246404290199279785e+01,5.099752181228865311e+01,3.906798376348812667e+02,8.000000000000000000e+01,2.990000000000000000e+02,9.615787211553126212e+01
2.247404980659484863e+01,5.114247905659107118e+01,3.900500366561884107e+02,8.000000000000000000e+01,2.980000000000000000e+02,9.646743369347457531e+01
2.248407340049743652e+01,5.128719494684037272e+01,3.894212842971736563e+02,8.000000000000000000e+01,2.980000000000000000e+02,9.582419525654989911e+01
2.249408030509948730e+01,5.143193842041002739e+01,3.887924120959099810e+02,8.000000000000000000e+01,2.970000000000000000e+02,9.613522278957181300e+01
2.250408911705017090e+01,5.157664396691419739e+01,3.881637046777386217e+02,8.100000000000000000e+01,2.970000000000000000e+02,9.579433663228567752e+01
2.251409530639648438e+01,5.172135296133340887e+01,3.875349822792861119e+02,8.100000000000000000e+01,2.960000000000000000e+02,9.610354911908322606e+01
2.252410173416137695e+01,5.186608609115793200e+01,3.869061550188657748e+02,8.100000000000000000e+01,2.960000000000000000e+02,9.546053613908669888e+01
2.253410983085632324e+01,5.201081577306741366e+01,3.862773427387265883e+02,8.100000000000000000e+01,2.950000000000000000e+02,9.577017332962283547e+01
2.254411768913269043e+01,5.215552476748662514e+01,3.856486203402740784e+02,8.200000000000000000e+01,2.940000000000000000e+02,9.638548807875490354e+01
2.255412411689758301e+01,5.230022686607574656e+01,3.850199279023838130e+02,8.200000000000000000e+01,2.940000000000000000e+02,9.574290469565728756e+01
2.256413006782531738e+01,5.244495999590026969e+01,3.843911006419634759e+02,8.200000000000000000e+01,2.930000000000000000e+02,9.605120335630070372e+01
2.257413816452026367e+01,5.258967243823452264e+01,3.837623632632298722e+02,8.200000000000000000e+01,2.930000000000000000e+02,9.540845849512946586e+01
2.258414483070373535e+01,5.273440212014400430e+01,3.831335509830906858e+02,8.300000000000000000e+01,2.920000000000000000e+02,9.602775916271676238e+01
2.259415268898010254e+01,5.287910077081808424e+01,3.825048735254815142e+02,8.300000000000000000e+01,2.910000000000000000e+02,9.633488697916710919e+01
2.260415840148925781e+01,5.302383390064260738e+01,3.818760462650611771e+02,8.300000000000000000e+01,2.910000000000000000e+02,9.569235245716244265e+01
2.261416649818420410e+01,5.316855668672199897e+01,3.812472639454842351e+02,8.300000000000000000e+01,2.900000000000000000e+02,9.599988639415249736e+01
2.262417387962341309e+01,5.331326568114121045e+01,3.806185415470317253e+02,8.400000000000000000e+01,2.900000000000000000e+02,9.567338049461480409e+01
2.263418030738830566e+01,5.347221801260940310e+01,3.799279356072876794e+02,8.400000000000000000e+01,2.890000000000000000e+02,9.591577006349217527e+01
2.264517164230346680e+01,5.361693735077374612e+01,3.792991682679918313e+02,8.400000000000000000e+01,2.890000000000000000e+02,9.527365997922989038e+01
2.265517878532409668e+01,5.376190838673634431e+01,3.786693073681744863e+02,8.400000000000000000e+01,2.880000000000000000e+02,9.557858276327718272e+01
2.266520333290100098e+01,5.390660703741042425e+01,3.780406299105653147e+02,8.500000000000000000e+01,2.870000000000000000e+02,9.620392601364319773e+01
2.267520904541015625e+01,5.405134361514998886e+01,3.774117876698638838e+02,8.500000000000000000e+01,2.870000000000000000e+02,9.556207763379816811e+01
2.268521738052368164e+01,5.419604916165415887e+01,3.767830802516925246e+02,8.500000000000000000e+01,2.860000000000000000e+02,9.586684018593953738e+01
2.269522356986999512e+01,5.434076849981850188e+01,3.761543129123966764e+02,8.500000000000000000e+01,2.860000000000000000e+02,9.522493692771897145e+01
2.270523071289062500e+01,5.448548094215275484e+01,3.755255755336630727e+02,8.600000000000000000e+01,2.850000000000000000e+02,9.585428909103835338e+01
2.271523737907409668e+01,5.463020372823214643e+01,3.748967932140861308e+02,8.600000000000000000e+01,2.850000000000000000e+02,9.521290641666381305e+01
2.272524476051330566e+01,5.477492996222657951e+01,3.742679959142280381e+02,8.600000000000000000e+01,2.840000000000000000e+02,9.551605145332874258e+01
2.273525238037109375e+01,5.491964240456083246e+01,3.736392585354944345e+02,8.600000000000000000e+01,2.830000000000000000e+02,9.581995520832063562e+01
2.274525904655456543e+01,5.506437553438535559e+01,3.730104312750740974e+02,8.700000000000000000e+01,2.830000000000000000e+02,9.550791510829665754e+01
2.275526714324951172e+01,5.522331752210841671e+01,3.723198702761733898e+02,8.700000000000000000e+01,2.820000000000000000e+02,9.574673109827578799e+01
2.276625776290893555e+01,5.536803341235771825e+01,3.716911179171586355e+02,8.700000000000000000e+01,2.820000000000000000e+02,9.510561467879470854e+01
2.277626466751098633e+01,5.551275275052206126e+01,3.710623505778627873e+02,8.700000000000000000e+01,2.810000000000000000e+02,9.540793327055993700e+01
2.278627181053161621e+01,5.565772723439970093e+01,3.704324746977643485e+02,8.800000000000000000e+01,2.800000000000000000e+02,9.604194441808371607e+01
2.279629659652709961e+01,5.580242933298882235e+01,3.698037822598740831e+02,8.800000000000000000e+01,2.800000000000000000e+02,9.540127286905585891e+01
2.280630254745483398e+01,5.594716591072838696e+01,3.691749400191726522e+02,8.800000000000000000e+01,2.790000000000000000e+02,9.570216288368699509e+01
2.281631088256835938e+01,5.609188869680777856e+01,3.685461576995957103e+02,8.900000000000000000e+01,2.790000000000000000e+02,9.540156260934173815e+01
2.282631826400756836e+01,5.623659769122699004e+01,3.679174353011432004e+02,8.900000000000000000e+01,2.780000000000000000e+02,9.570050000904795695e+01
2.283632469177246094e+01,5.638133771688160323e+01,3.672885780801606757e+02,8.900000000000000000e+01,2.780000000000000000e+02,9.506012468283996952e+01
2.284633326530456543e+01,5.652604326338577323e+01,3.666598706619893164e+02,8.900000000000000000e+01,2.770000000000000000e+02,9.535958406608192206e+01
2.285633945465087891e+01,5.667076949738020630e+01,3.660310733621312238e+02,9.000000000000000000e+01,2.760000000000000000e+02,9.600224881029723178e+01
2.286634707450866699e+01,5.681548193971445926e+01,3.654023359833976201e+02,9.000000000000000000e+01,2.760000000000000000e+02,9.536241355052698054e+01
2.287635374069213867e+01,5.696019782996376080e+01,3.647735836243828658e+02,9.000000000000000000e+01,2.750000000000000000e+02,9.566046646446584134e+01
2.288636064529418945e+01,5.710491027229801375e+01,3.641448462456492621e+02,9.000000000000000000e+01,2.750000000000000000e+02,9.502047432187450227e+01
2.289636731147766113e+01,5.724961926671722523e+01,3.635161238471967522e+02,9.100000000000000000e+01,2.740000000000000000e+02,9.566725996007312460e+01
2.290637373924255371e+01,5.739435239654174836e+01,3.628872965867764151e+02,9.100000000000000000e+01,2.740000000000000000e+02,9.502784352679678648e+01
2.291638183593750000e+01,5.753907173470609138e+01,3.622585292474805669e+02,9.100000000000000000e+01,2.730000000000000000e+02,9.532428213104196857e+01
2.292638897895812988e+01,5.768377038538017132e+01,3.616298517898713953e+02,9.200000000000000000e+01,2.730000000000000000e+02,9.504132913242469272e+01
2.293639469146728516e+01,5.782849317145956292e+01,3.610010694702944534e+02,9.200000000000000000e+01,2.720000000000000000e+02,9.533562946658067006e+01
2.294640207290649414e+01,5.797321250962390593e+01,3.603723021309986052e+02,9.200000000000000000e+01,2.710000000000000000e+02,9.563069933399899014e+01
2.295640921592712402e+01,5.811794219153338759e+01,3.597434898508594188e+02,9.200000000000000000e+01,2.710000000000000000e+02,9.499158295473269220e+01
2.296641707420349121e+01,5.826265118595259906e+01,3.591147674524069089e+02,9.300000000000000000e+01,2.700000000000000000e+02,9.564583200916473515e+01
2.297642350196838379e+01,5.840738086786208072e+01,3.584859551722677224e+02,9.300000000000000000e+01,2.700000000000000000e+02,9.500743950433422924e+01
2.298643136024475098e+01,5.855213468517687403e+01,3.578570380301607088e+02,9.300000000000000000e+01,2.690000000000000000e+02,9.530072734371768206e+01
2.299644088745117188e+01,5.869685747125626563e+01,3.572282557105837668e+02,9.300000000000000000e+01,2.690000000000000000e+02,9.466219252203840995e+01
2.300644826889038086e+01,5.884154577818520693e+01,3.565996231938179903e+02,9.400000000000000000e+01,2.680000000000000000e+02,9.532056511243509078e+01
2.301645326614379883e+01,5.898627201217964000e+01,3.559708258939598977e+02,9.400000000000000000e+01,2.670000000000000000e+02,9.561259858333733064e+01
2.302646088600158691e+01,5.913100514200416313e+01,3.553419986335395606e+02,9.400000000000000000e+01,2.670000000000000000e+02,9.497449934048215425e+01
2.303646898269653320e+01,5.927573137599859621e+01,3.547132013336814680e+02,9.500000000000000000e+01,2.660000000000000000e+02,9.563605731935061272e+01
2.304647660255432129e+01,5.942041968292753751e+01,3.540845688169156915e+02,9.500000000000000000e+01,2.660000000000000000e+02,9.499893577930737365e+01
2.305648159980773926e+01,5.956514246900692910e+01,3.534557864973387495e+02,9.500000000000000000e+01,2.650000000000000000e+02,9.528932412974998556e+01
2.306648898124694824e+01,5.972407756089990016e+01,3.527652554590002865e+02,9.600000000000000000e+01,2.650000000000000000e+02,9.496674478253524398e+01
2.307747912406921387e+01,5.986904170103240830e+01,3.521354245197451860e+02,9.600000000000000000e+01,2.640000000000000000e+02,9.525386712820343860e+01
2.308750319480895996e+01,6.001376448711179989e+01,3.515066422001682440e+02,9.600000000000000000e+01,2.640000000000000000e+02,9.461723720093142731e+01
2.309751057624816895e+01,6.015848727319119149e+01,3.508778598805913020e+02,9.600000000000000000e+01,2.630000000000000000e+02,9.490591283865740024e+01
2.310751795768737793e+01,6.031817377101103261e+01,3.502491674427010366e+02,9.700000000000000000e+01,2.620000000000000000e+02,9.556919969228384559e+01
2.311752390861511230e+01,6.047789451345726519e+01,3.496203401822806995e+02,9.700000000000000000e+01,2.620000000000000000e+02,9.492727849690388098e+01
2.312753200531005859e+01,6.064758207607991380e+01,3.489915578627037576e+02,9.700000000000000000e+01,2.610000000000000000e+02,9.520510776224608662e+01
2.313753938674926758e+01,6.081727368138523815e+01,3.483627605628456649e+02,9.800000000000000000e+01,2.610000000000000000e+02,9.494633784220489758e+01
2.314754700660705566e+01,6.099690095539800438e+01,3.477341130657987378e+02,9.800000000000000000e+01,2.600000000000000000e+02,9.521819119447177115e+01
2.315755224227905273e+01,6.118154707206056031e+01,3.471053607067839835e+02,9.800000000000000000e+01,2.600000000000000000e+02,9.456713139281448832e+01
2.316755914688110352e+01,6.136621958433686075e+01,3.464765184660825525e+02,9.800000000000000000e+01,2.590000000000000000e+02,9.483762518373130490e+01
2.317756748199462891e+01,6.156083418661663842e+01,3.458477960676300427e+02,9.900000000000000000e+01,2.590000000000000000e+02,9.457394365578009854e+01
2.318757390975952148e+01,6.177491488611753567e+01,3.451561864490511766e+02,9.900000000000000000e+01,2.580000000000000000e+02,9.477292755886337261e+01
2.319858121871948242e+01,6.196956658434246634e+01,3.445273442083497457e+02,9.900000000000000000e+01,2.570000000000000000e+02,9.503835532624910343e+01
2.320858955383300781e+01,6.218880199912408813e+01,3.438367832094490382e+02,1.000000000000000000e+02,2.570000000000000000e+02,9.471173957026812218e+01
2.321958017349243164e+01,6.239341338442832097e+01,3.432080008898720962e+02,1.000000000000000000e+02,2.560000000000000000e+02,9.497099965822422973e+01
2.322958755493164062e+01,6.259801502029789333e+01,3.425792485308573418e+02,1.000000000000000000e+02,2.560000000000000000e+02,9.431264367299765183e+01
2.323959445953369141e+01,6.280761052954863999e+01,3.419504811915614937e+02,1.010000000000000000e+02,2.550000000000000000e+02,9.496865163256100573e+01
2.324960160255432129e+01,6.301721103237881749e+01,3.413216988719845517e+02,1.010000000000000000e+02,2.550000000000000000e+02,9.430868440342291592e+01
2.325960898399353027e+01,6.322680154805014041e+01,3.406929465129697974e+02,1.010000000000000000e+02,2.540000000000000000e+02,9.456469476708011257e+01
2.326961588859558105e+01,6.344138605596473468e+01,3.400641791736739492e+02,1.020000000000000000e+02,2.530000000000000000e+02,9.522047051170642362e+01
2.327962303161621094e+01,6.365596545143780816e+01,3.394354268146591949e+02,1.020000000000000000e+02,2.530000000000000000e+02,9.455870131348906682e+01
2.328962993621826172e+01,6.387554418931986078e+01,3.388066444950822529e+02,1.020000000000000000e+02,2.520000000000000000e+02,9.480963906352610593e+01
2.329963731765747070e+01,6.410047050583025907e+01,3.381768584966704907e+02,1.030000000000000000e+02,2.520000000000000000e+02,9.454958664755203301e+01
2.330966067314147949e+01,6.432505976190108754e+01,3.375480162559690598e+02,1.030000000000000000e+02,2.510000000000000000e+02,9.479615034516963590e+01
2.331966900825500488e+01,6.455457845164040975e+01,3.369193387983598882e+02,1.030000000000000000e+02,2.510000000000000000e+02,9.412854624171363582e+01
2.332967472076416016e+01,6.478415730068554979e+01,3.362904965576584573e+02,1.030000000000000000e+02,2.500000000000000000e+02,9.437425723885731088e+01
2.333968305587768555e+01,6.501371974264728237e+01,3.356616992578003646e+02,1.040000000000000000e+02,2.500000000000000000e+02,9.411618759830152214e+01
2.334969067573547363e+01,6.524821554209809449e+01,3.350330517607534375e+02,1.040000000000000000e+02,2.490000000000000000e+02,9.435775958520935092e+01
2.335969591140747070e+01,6.548276163255796689e+01,3.344042694411764955e+02,1.040000000000000000e+02,2.490000000000000000e+02,9.368813633665375562e+01
2.336970329284667969e+01,6.572230254729576870e+01,3.337754721413184029e+02,1.050000000000000000e+02,2.480000000000000000e+02,9.434070774725117303e+01
2.337971091270446777e+01,6.596685600087793944e+01,3.331466149203358782e+02,1.050000000000000000e+02,2.470000000000000000e+02,9.457708809584292453e+01
2.338971948623657227e+01,6.621135119831927796e+01,3.325179075021645190e+02,1.050000000000000000e+02,2.470000000000000000e+02,9.390352378589896887e+01
2.339972567558288574e+01,6.645588717505920329e+01,3.318890952220253325e+02,1.060000000000000000e+02,2.460000000000000000e+02,9.455513490641205010e+01
2.340973353385925293e+01,6.670040567495688322e+01,3.312603278827294844e+02,1.060000000000000000e+02,2.460000000000000000e+02,9.388174276601121448e+01
2.341974067687988281e+01,6.694987750666133763e+01,3.306316504251203128e+02,1.060000000000000000e+02,2.450000000000000000e+02,9.411531023842381671e+01
2.342974638938903809e+01,6.719939094969903692e+01,3.300028681055433708e+02,1.070000000000000000e+02,2.450000000000000000e+02,9.385934192686042365e+01
2.343975377082824707e+01,6.744892222616526567e+01,3.293740408451230337e+02,1.070000000000000000e+02,2.440000000000000000e+02,9.409045968267271576e+01
2.344976186752319336e+01,6.770337628002273789e+01,3.287453783677950128e+02,1.070000000000000000e+02,2.440000000000000000e+02,9.341308147411805862e+01
2.345976734161376953e+01,6.796288650471340986e+01,3.281165511073746757e+02,1.080000000000000000e+02,2.430000000000000000e+02,9.406273294694761944e+01
2.346977543830871582e+01,6.822239054720371598e+01,3.274877388272354892e+02,1.080000000000000000e+02,2.430000000000000000e+02,9.338327594338475990e+01
2.347978329658508301e+01,6.848182658549001189e+01,3.268590913301885621e+02,1.080000000000000000e+02,2.420000000000000000e+02,9.360956901623129056e+01
2.348978853225708008e+01,6.874136772118249894e+01,3.262301891683626991e+02,1.090000000000000000e+02,2.420000000000000000e+02,9.335674716001629747e+01
2.349979782104492188e+01,6.900082848827025828e+01,3.256014817501913399e+02,1.090000000000000000e+02,2.410000000000000000e+02,9.358068409641346364e+01
2.350980401039123535e+01,6.926528436216199225e+01,3.249728042925821683e+02,1.090000000000000000e+02,2.400000000000000000e+02,9.380418485422342201e+01
2.351980972290039062e+01,6.952980955276954944e+01,3.243439620518807374e+02,1.100000000000000000e+02,2.400000000000000000e+02,9.355073623143860573e+01
2.352981805801391602e+01,6.980425507613146863e+01,3.237152546337093781e+02,1.100000000000000000e+02,2.390000000000000000e+02,9.376765048586277373e+01
2.353982424736022949e+01,7.007877253117527516e+01,3.230863824324457028e+02,1.100000000000000000e+02,2.390000000000000000e+02,9.308181408413331326e+01
2.354983305931091309e+01,7.035322459378100746e+01,3.224576600339931929e+02,1.110000000000000000e+02,2.380000000000000000e+02,9.372970014537111183e+01
2.355983948707580566e+01,7.063270524709970744e+01,3.218288477538540064e+02,1.110000000000000000e+02,2.380000000000000000e+02,9.304189487218306454e+01
2.356984734535217285e+01,7.093961063862641936e+01,3.211383316957966372e+02,1.110000000000000000e+02,2.370000000000000000e+02,9.318848456937557501e+01
2.358083724975585938e+01,7.121955735935821963e+01,3.205084707959792922e+02,1.120000000000000000e+02,2.370000000000000000e+02,9.293389691952877740e+01
2.359086179733276367e+01,7.150401381399106526e+01,3.198796884764023503e+02,1.120000000000000000e+02,2.360000000000000000e+02,9.314358290336340929e+01
2.360086917877197266e+01,7.178841605287993843e+01,3.192510259990743293e+02,1.120000000000000000e+02,2.360000000000000000e+02,9.245379826396984413e+01
2.361087465286254883e+01,7.207291994628874932e+01,3.186221388175295601e+02,1.130000000000000000e+02,2.350000000000000000e+02,9.310041880754926069e+01
2.362088370323181152e+01,7.235735607001760172e+01,3.179934014387959564e+02,1.130000000000000000e+02,2.350000000000000000e+02,9.241065516486978026e+01
2.363089036941528320e+01,7.264188707129838463e+01,3.173644543361266983e+02,1.130000000000000000e+02,2.340000000000000000e+02,9.261970376721134812e+01
2.364090037345886230e+01,7.292624864837928556e+01,3.167358817404853539e+02,1.140000000000000000e+02,2.340000000000000000e+02,9.237033710813413734e+01
2.365090441703796387e+01,7.321073898785209622e+01,3.161070245195028292e+02,1.140000000000000000e+02,2.330000000000000000e+02,9.257721824726844773e+01
2.366091299057006836e+01,7.349516833461295562e+01,3.154783021210503193e+02,1.140000000000000000e+02,2.320000000000000000e+02,9.278614289458687381e+01
2.367091941833496094e+01,7.380804739301790107e+01,3.147866925024714533e+02,1.150000000000000000e+02,2.320000000000000000e+02,9.246844551020971892e+01
2.368192672729492188e+01,7.409248351674675348e+01,3.141579551237378496e+02,1.150000000000000000e+02,2.310000000000000000e+02,9.267507974201713239e+01
2.369193339347839355e+01,7.437693319441159190e+01,3.135291877844420014e+02,1.150000000000000000e+02,2.310000000000000000e+02,9.198532705301965962e+01
2.370194053649902344e+01,7.468982580675252336e+01,3.128375482053008909e+02,1.160000000000000000e+02,2.300000000000000000e+02,9.256667804637908148e+01
2.371294832229614258e+01,7.497430259228934801e+01,3.122087209448805538e+02,1.160000000000000000e+02,2.300000000000000000e+02,9.187699193586107071e+01
2.372295641899108887e+01,7.525873193905020742e+01,3.115799985464280439e+02,1.160000000000000000e+02,2.290000000000000000e+02,9.208315309079195288e+01
2.373296284675598145e+01,7.554318161671504583e+01,3.109512312071321958e+02,1.170000000000000000e+02,2.290000000000000000e+02,9.184047085478988492e+01
2.374296998977661133e+01,7.582763807134789147e+01,3.103224488875552538e+02,1.170000000000000000e+02,2.280000000000000000e+02,9.204427726712872015e+01
2.375297737121582031e+01,7.611208774901272989e+01,3.096936815482594056e+02,1.180000000000000000e+02,2.280000000000000000e+02,9.180661630653223426e+01
2.376298451423645020e+01,7.642447886572200844e+01,3.090031505099209426e+02,1.180000000000000000e+02,2.270000000000000000e+02,9.194041902851837733e+01
2.377397465705871582e+01,7.670892854338684685e+01,3.083743831706250944e+02,1.180000000000000000e+02,2.270000000000000000e+02,9.125098804086916005e+01
2.378398180007934570e+01,7.699337822105168527e+01,3.077456158313292462e+02,1.190000000000000000e+02,2.260000000000000000e+02,9.190702900715962187e+01
2.379398894309997559e+01,7.727782112174853069e+01,3.071168634723144919e+02,1.190000000000000000e+02,2.250000000000000000e+02,9.210819440679287595e+01
2.380399584770202637e+01,7.756227079941336910e+01,3.064880961330186437e+02,1.190000000000000000e+02,2.250000000000000000e+02,9.141879026045596390e+01
2.381400299072265625e+01,7.784672725404621474e+01,3.058593138134417018e+02,1.200000000000000000e+02,2.240000000000000000e+02,9.207521741056220321e+01
2.382401037216186523e+01,7.813117015474306015e+01,3.052305614544269474e+02,1.200000000000000000e+02,2.240000000000000000e+02,9.138601111117888820e+01
2.383401727676391602e+01,7.841562660937590579e+01,3.046017791348500054e+02,1.200000000000000000e+02,2.230000000000000000e+02,9.158662821757162931e+01
2.384402465820312500e+01,7.870006951007275120e+01,3.039730267758352511e+02,1.210000000000000000e+02,2.230000000000000000e+02,9.135598056335889794e+01
2.385403156280517578e+01,7.898451918773758962e+01,3.033442594365394029e+02,1.210000000000000000e+02,2.220000000000000000e+02,9.155429630096351445e+01
2.386403870582580566e+01,7.926897564237043525e+01,3.027154771169624610e+02,1.210000000000000000e+02,2.220000000000000000e+02,9.086510133244755139e+01
2.387404608726501465e+01,7.955341854306728067e+01,3.020867247579477066e+02,1.220000000000000000e+02,2.210000000000000000e+02,9.152469180145429561e+01
2.388405299186706543e+01,7.983786822073211908e+01,3.014579574186518585e+02,1.220000000000000000e+02,2.210000000000000000e+02,9.083572132236274399e+01
2.389406013488769531e+01,8.012231112142896450e+01,3.008292050596371041e+02,1.230000000000000000e+02,2.200000000000000000e+02,9.149785021594986745e+01
2.390406703948974609e+01,8.040676757606181013e+01,3.002004227400601621e+02,1.230000000000000000e+02,2.200000000000000000e+02,9.080909236416790975e+01
2.391407442092895508e+01,8.069121725372664855e+01,2.995716554007643140e+02,1.230000000000000000e+02,2.190000000000000000e+02,9.100453148877187459e+01
2.392408156394958496e+01,8.097616842702313988e+01,2.989417795206658752e+02,1.240000000000000000e+02,2.190000000000000000e+02,9.078401949765516576e+01
2.393410634994506836e+01,8.126059777378399929e+01,2.983130571222133653e+02,1.240000000000000000e+02,2.180000000000000000e+02,9.097716002915338152e+01
2.394411277770996094e+01,8.154502034357686568e+01,2.976843497040420061e+02,1.240000000000000000e+02,2.180000000000000000e+02,9.028854238154119116e+01
2.395411896705627441e+01,8.182945646730571809e+01,2.970556123253084024e+02,1.250000000000000000e+02,2.170000000000000000e+02,9.095381736732285560e+01
2.396412563323974609e+01,8.211394680677852875e+01,2.964267551043258777e+02,1.250000000000000000e+02,2.170000000000000000e+02,9.026529224953729624e+01
2.397413420677185059e+01,8.239839648444336717e+01,2.957979877650300295e+02,1.250000000000000000e+02,2.160000000000000000e+02,9.045781046125630098e+01
2.398414134979248047e+01,8.268281227726824056e+01,2.951692953271397641e+02,1.260000000000000000e+02,2.160000000000000000e+02,9.024497811403279002e+01
2.399414730072021484e+01,8.296726873190108620e+01,2.945405130075628222e+02,1.260000000000000000e+02,2.150000000000000000e+02,9.043511027194409735e+01
2.400415468215942383e+01,8.325176584834188986e+01,2.939116408062991468e+02,1.270000000000000000e+02,2.150000000000000000e+02,9.022724115327189054e+01
2.401416349411010742e+01,8.353616808723076304e+01,2.932829783289711258e+02,1.270000000000000000e+02,2.140000000000000000e+02,9.041512781196276194e+01
2.402416896820068359e+01,8.382065164973558069e+01,2.926541360882696949e+02,1.270000000000000000e+02,2.140000000000000000e+02,8.972697057042286417e+01
2.403417730331420898e+01,8.410510810436842632e+01,2.920253537686927530e+02,1.280000000000000000e+02,2.130000000000000000e+02,9.039783223504988996e+01
2.404418468475341797e+01,8.438950356628930649e+01,2.913967062716458258e+02,1.280000000000000000e+02,2.130000000000000000e+02,8.971019425593395624e+01
2.405418992042541504e+01,8.467396002092215213e+01,2.907679239520688839e+02,1.280000000000000000e+02,2.120000000000000000e+02,8.989733913741585525e+01
2.406419730186462402e+01,8.498684585629509058e+01,2.900762993532089240e+02,1.290000000000000000e+02,2.120000000000000000e+02,8.962737449222430541e+01
2.407520484924316406e+01,8.527132264183191523e+01,2.894474720927885869e+02,1.290000000000000000e+02,2.110000000000000000e+02,8.981204318599819203e+01
2.408521294593811035e+01,8.555577909646476087e+01,2.888186897732116449e+02,1.300000000000000000e+02,2.110000000000000000e+02,8.961605464280154365e+01
2.409522032737731934e+01,8.584024910503359251e+01,2.881898774930724585e+02,1.300000000000000000e+02,2.100000000000000000e+02,8.979833262086309276e+01
2.410522818565368652e+01,8.612467845179445192e+01,2.875611550946199486e+02,1.300000000000000000e+02,2.100000000000000000e+02,8.911103534675220317e+01
2.411523461341857910e+01,8.640909424461932531e+01,2.869324626567296832e+02,1.310000000000000000e+02,2.090000000000000000e+02,8.978762504837628455e+01
2.412524056434631348e+01,8.669359813802813619e+01,2.863035754751849140e+02,1.310000000000000000e+02,2.090000000000000000e+02,8.910050520172237043e+01
2.413524961471557617e+01,8.697802070782100259e+01,2.856748680570135548e+02,1.310000000000000000e+02,2.080000000000000000e+02,8.928224789103094849e+01
2.414525580406188965e+01,8.726244327761386899e+01,2.850461606388421956e+02,1.320000000000000000e+02,2.080000000000000000e+02,8.909298429548194065e+01
2.415526199340820312e+01,8.754692006315069364e+01,2.844173333784218585e+02,1.320000000000000000e+02,2.070000000000000000e+02,8.927216712558077916e+01
2.416527009010314941e+01,8.783139684868751829e+01,2.837885061180015214e+02,1.330000000000000000e+02,2.070000000000000000e+02,8.908803164553089005e+01
2.417527818679809570e+01,8.811582619544837769e+01,2.831597837195490115e+02,1.330000000000000000e+02,2.060000000000000000e+02,8.926489389320293810e+01
2.418528461456298828e+01,8.840023521130524387e+01,2.825311062619398399e+02,1.330000000000000000e+02,2.060000000000000000e+02,8.857849199937433582e+01
2.419529032707214355e+01,8.868472555077805453e+01,2.819022490409573152e+02,1.340000000000000000e+02,2.050000000000000000e+02,8.926046160515711847e+01
2.420529890060424805e+01,8.896916167450690693e+01,2.812735116622237115e+02,1.340000000000000000e+02,2.050000000000000000e+02,8.857440364791666809e+01
2.421530556678771973e+01,8.925376722243564132e+01,2.806443997764621940e+02,1.350000000000000000e+02,2.040000000000000000e+02,8.925851124925432600e+01
2.422531819343566895e+01,8.953808136074057700e+01,2.800159320427886769e+02,1.350000000000000000e+02,2.040000000000000000e+02,8.857317861913114143e+01
2.423532056808471680e+01,8.982254459234141564e+01,2.793871347429305843e+02,1.350000000000000000e+02,2.030000000000000000e+02,8.874681307712188527e+01
2.424532818794250488e+01,9.010694683123028881e+01,2.787584722656025633e+02,1.360000000000000000e+02,2.030000000000000000e+02,8.857493126821830742e+01
2.425533366203308105e+01,9.039149816341506494e+01,2.781294802220899669e+02,1.360000000000000000e+02,2.020000000000000000e+02,8.874589116496244401e+01
2.426534438133239746e+01,9.069082923442012145e+01,2.775008926461675287e+02,1.360000000000000000e+02,2.020000000000000000e+02,8.805285768123935952e+01
2.427534866333007812e+01,9.099526391640583256e+01,2.768720653857471916e+02,1.370000000000000000e+02,2.010000000000000000e+02,8.872996138858761128e+01
2.428535676002502441e+01,9.129965508389332740e+01,2.762433280070135879e+02,1.370000000000000000e+02,2.010000000000000000e+02,8.803453830754241949e+01
2.429536342620849609e+01,9.160902026976354762e+01,2.756146205888422287e+02,1.380000000000000000e+02,2.000000000000000000e+02,8.871129492418523910e+01
2.430536961555480957e+01,9.191846653969687964e+01,2.749857483875785533e+02,1.380000000000000000e+02,2.000000000000000000e+02,8.801346594299235448e+01
2.431537842750549316e+01,9.224274320016029094e+01,2.743571458313749645e+02,1.380000000000000000e+02,1.990000000000000000e+02,8.816136329309790653e+01
2.432538294792175293e+01,9.257211740598026495e+01,2.737283335512357780e+02,1.390000000000000000e+02,1.990000000000000000e+02,8.797654299589653704e+01
2.433539080619812012e+01,9.290144453143921055e+01,2.730996111527832682e+02,1.390000000000000000e+02,1.980000000000000000e+02,8.811939861113002337e+01
2.434539723396301270e+01,9.324079744775944789e+01,2.724707988726440817e+02,1.400000000000000000e+02,1.980000000000000000e+02,8.793362785676060867e+01
2.435540509223937988e+01,9.358511510939044342e+01,2.718420315333482336e+02,1.400000000000000000e+02,1.970000000000000000e+02,8.806628880251072644e+01
2.436541223526000977e+01,9.392943277102143895e+01,2.712132641940523854e+02,1.400000000000000000e+02,1.970000000000000000e+02,8.735047651350306808e+01
2.437541937828063965e+01,9.427374222933931946e+01,2.705845118350376310e+02,1.410000000000000000e+02,1.960000000000000000e+02,8.801245690765084362e+01
2.438542628288269043e+01,9.461803528103095573e+01,2.699557894365851212e+02,1.410000000000000000e+02,1.960000000000000000e+02,8.729688105757389849e+01
2.439543271064758301e+01,9.496236934928819551e+01,2.693269921367270285e+02,1.420000000000000000e+02,1.950000000000000000e+02,8.796044825559874880e+01
2.440544033050537109e+01,9.530671982417167953e+01,2.686981648763066914e+02,1.420000000000000000e+02,1.950000000000000000e+02,8.724495354869351615e+01
2.441544842720031738e+01,9.565098826592395653e+01,2.680694874186975198e+02,1.420000000000000000e+02,1.940000000000000000e+02,8.737573951157213514e+01
2.442545413970947266e+01,9.599537155405992905e+01,2.674406002371527507e+02,1.430000000000000000e+02,1.940000000000000000e+02,8.719493596840449356e+01
2.443546319007873535e+01,9.633965640243845030e+01,2.668118928189813914e+02,1.430000000000000000e+02,1.930000000000000000e+02,8.732344007288821786e+01
2.444546937942504883e+01,9.668394125081697155e+01,2.661831854008100322e+02,1.440000000000000000e+02,1.930000000000000000e+02,8.714693362916146668e+01
2.445547556877136230e+01,9.702825891244796708e+01,2.655544180615141840e+02,1.440000000000000000e+02,1.920000000000000000e+02,8.727311657758090746e+01
2.446548271179199219e+01,9.737256837076584759e+01,2.649256657024994297e+02,1.440000000000000000e+02,1.920000000000000000e+02,8.655790026618949184e+01
2.447548961639404297e+01,9.771695165890182011e+01,2.642967785209546605e+02,1.450000000000000000e+02,1.910000000000000000e+02,8.722444841887227085e+01
2.448549866676330566e+01,9.806120369402785286e+01,2.636681310239077334e+02,1.450000000000000000e+02,1.910000000000000000e+02,8.650958250483796519e+01
2.449550390243530273e+01,9.840552955897197762e+01,2.630393487043307914e+02,1.460000000000000000e+02,1.900000000000000000e+02,8.717786459712533542e+01
2.450551128387451172e+01,9.874983901728985813e+01,2.624105963453160371e+02,1.460000000000000000e+02,1.900000000000000000e+02,8.646312610573549762e+01
2.451551818847656250e+01,9.909421410211270143e+01,2.617817241440523617e+02,1.460000000000000000e+02,1.890000000000000000e+02,8.658713599651727577e+01
2.452552700042724609e+01,9.943846613723873418e+01,2.611530766470054346e+02,1.470000000000000000e+02,1.890000000000000000e+02,8.641855109296399462e+01
2.453553223609924316e+01,9.978279200218285894e+01,2.605242943274284926e+02,1.470000000000000000e+02,1.890000000000000000e+02,8.570408047546946761e+01
2.454553961753845215e+01,1.001271588836925872e+02,2.598954371064459679e+02,1.480000000000000000e+02,1.880000000000000000e+02,8.637570719406087960e+01
2.455554819107055664e+01,1.004714191221317350e+02,2.592667746291179469e+02,1.480000000000000000e+02,1.880000000000000000e+02,8.566165516905189747e+01
2.456555366516113281e+01,1.008157449870758597e+02,2.586379923095410049e+02,1.490000000000000000e+02,1.870000000000000000e+02,8.633495452765561140e+01
2.457556104660034180e+01,1.011600544453937403e+02,2.580092399505262506e+02,1.490000000000000000e+02,1.870000000000000000e+02,8.562109873751390410e+01
2.458556795120239258e+01,1.015043721070247358e+02,2.573804726112304024e+02,1.490000000000000000e+02,1.860000000000000000e+02,8.573801105198664629e+01
2.459557509422302246e+01,1.018487061752819756e+02,2.567516753113723098e+02,1.500000000000000000e+02,1.860000000000000000e+02,8.558239688370603915e+01
2.460558271408081055e+01,1.021930648534785746e+02,2.561228330706708789e+02,1.500000000000000000e+02,1.850000000000000000e+02,8.569691028328979598e+01
2.461559104919433594e+01,1.025373579051702109e+02,2.554941106722183974e+02,1.510000000000000000e+02,1.850000000000000000e+02,8.554558619986507040e+01
2.462559747695922852e+01,1.028817001767405799e+02,2.548652983920792110e+02,1.510000000000000000e+02,1.840000000000000000e+02,8.565781513720456530e+01
2.463560533523559570e+01,1.032259604151797276e+02,2.542366359147511901e+02,1.510000000000000000e+02,1.840000000000000000e+02,8.494435756937178894e+01
2.464561080932617188e+01,1.035703437033157002e+02,2.536077487332064209e+02,1.520000000000000000e+02,1.830000000000000000e+02,8.562059209201129306e+01
2.465561985969543457e+01,1.039146531616335807e+02,2.529789963741916949e+02,1.520000000000000000e+02,1.830000000000000000e+02,8.490736431020062014e+01
2.466562676429748535e+01,1.042589298066989727e+02,2.523503039363014295e+02,1.530000000000000000e+02,1.820000000000000000e+02,8.558537951962523493e+01
2.467563271522521973e+01,1.046032720782693417e+02,2.517214916561622431e+02,1.530000000000000000e+02,1.820000000000000000e+02,8.487243175666834816e+01
2.468564057350158691e+01,1.049814284065247847e+02,2.510309306572615355e+02,1.540000000000000000e+02,1.810000000000000000e+02,8.548187883865696790e+01
2.469663119316101074e+01,1.053307267446444229e+02,2.504021782982468096e+02,1.540000000000000000e+02,1.810000000000000000e+02,8.476650583659863969e+01
2.470663809776306152e+01,1.056800334049392660e+02,2.497734109589509615e+02,1.540000000000000000e+02,1.800000000000000000e+02,8.487136176941220356e+01
2.471664524078369141e+01,1.060293317430589042e+02,2.491446585999362355e+02,1.550000000000000000e+02,1.800000000000000000e+02,8.472962977868553480e+01
2.472665214538574219e+01,1.063786467255289665e+02,2.485158762803592651e+02,1.550000000000000000e+02,1.800000000000000000e+02,8.401464929824091143e+01
2.473665952682495117e+01,1.067279450636486047e+02,2.478871239213445392e+02,1.560000000000000000e+02,1.790000000000000000e+02,8.469457621244414725e+01
2.474666643142700195e+01,1.070772517239434478e+02,2.472583565820486911e+02,1.560000000000000000e+02,1.790000000000000000e+02,8.397998893882103744e+01
2.475667357444763184e+01,1.074265667064135101e+02,2.466295742624717207e+02,1.570000000000000000e+02,1.780000000000000000e+02,8.466134744948128343e+01
2.476668095588684082e+01,1.077758650445331483e+02,2.460008219034569947e+02,1.570000000000000000e+02,1.780000000000000000e+02,8.394716934870221792e+01
2.477668786048889160e+01,1.081257792236186788e+02,2.453709610036396498e+02,1.570000000000000000e+02,1.770000000000000000e+02,8.404330886548719093e+01
2.478671240806579590e+01,1.084750442730374544e+02,2.447422685657493844e+02,1.580000000000000000e+02,1.770000000000000000e+02,8.391505341827362940e+01
2.479671835899353027e+01,1.088243842220331601e+02,2.441134413053290757e+02,1.580000000000000000e+02,1.760000000000000000e+02,8.401001174620040501e+01
2.480672645568847656e+01,1.091737075266784416e+02,2.434846440054710115e+02,1.590000000000000000e+02,1.760000000000000000e+02,8.388585457740855134e+01
2.481673407554626465e+01,1.095229975426228606e+02,2.428559066267374078e+02,1.590000000000000000e+02,1.750000000000000000e+02,8.397855581220606780e+01
2.482674074172973633e+01,1.098722542698664171e+02,2.422272291691282646e+02,1.600000000000000000e+02,1.750000000000000000e+02,8.385875764488415030e+01
2.483674645423889160e+01,1.102216108632125469e+02,2.415983719481457115e+02,1.600000000000000000e+02,1.750000000000000000e+02,8.314584277759772135e+01
2.484675502777099609e+01,1.105708759126313225e+02,2.409696795102554461e+02,1.600000000000000000e+02,1.740000000000000000e+02,8.323566712504212717e+01
2.485676097869873047e+01,1.109202158616270282e+02,2.403408522498351374e+02,1.610000000000000000e+02,1.740000000000000000e+02,8.312095678335572302e+01
2.486676907539367676e+01,1.112695890993235963e+02,2.397119650682903682e+02,1.610000000000000000e+02,1.730000000000000000e+02,8.320817298572843868e+01
2.487677812576293945e+01,1.116188791152680153e+02,2.390832276895567645e+02,1.620000000000000000e+02,1.730000000000000000e+02,8.309783585311821241e+01
2.488678479194641113e+01,1.119681358425115718e+02,2.384545502319476213e+02,1.620000000000000000e+02,1.720000000000000000e+02,8.318289894926616057e+01
2.489679050445556641e+01,1.123523706721833406e+02,2.377629106528065392e+02,1.630000000000000000e+02,1.720000000000000000e+02,8.300567916749389497e+01
2.490779829025268555e+01,1.127016773324781838e+02,2.371341433135106911e+02,1.630000000000000000e+02,1.710000000000000000e+02,8.308818312478682344e+01
2.491780543327331543e+01,1.130510006371234653e+02,2.365053460136526269e+02,1.640000000000000000e+02,1.710000000000000000e+02,8.298645005328731372e+01
2.492781305313110352e+01,1.134352437889704532e+02,2.358136914542304226e+02,1.640000000000000000e+02,1.700000000000000000e+02,8.299540079735439235e+01
2.493882107734680176e+01,1.138188544555010964e+02,2.351231753961730533e+02,1.640000000000000000e+02,1.700000000000000000e+02,8.221420401511470288e+01
2.494981098175048828e+01,1.141681611157959395e+02,2.344944080568772051e+02,1.650000000000000000e+02,1.690000000000000000e+02,8.290593061458523039e+01
2.495981812477111816e+01,1.145180503283558267e+02,2.338645920979032269e+02,1.650000000000000000e+02,1.690000000000000000e+02,8.219393256608292120e+01
2.496984195709228516e+01,1.148673653108258890e+02,2.332358097783262565e+02,1.660000000000000000e+02,1.690000000000000000e+02,8.210228735019413193e+01
2.497984933853149414e+01,1.152166719711207321e+02,2.326070424390304083e+02,1.660000000000000000e+02,1.680000000000000000e+02,8.217673842643932858e+01
2.498985648155212402e+01,1.155659453427147128e+02,2.319783350208590207e+02,1.670000000000000000e+02,1.680000000000000000e+02,8.208952022353332723e+01
2.499986267089843750e+01,1.159152520030095559e+02,2.313495676815631725e+02,1.670000000000000000e+02,1.670000000000000000e+02,8.216153807421146382e+01
2.500986981391906738e+01,1.162645586633043990e+02,2.307208003422673244e+02,1.680000000000000000e+02,1.670000000000000000e+02,8.207859822488299528e+01
2.501987695693969727e+01,1.166139485453513913e+02,2.300918832001603107e+02,1.680000000000000000e+02,1.660000000000000000e+02,8.214801139554617748e+01
2.502988648414611816e+01,1.169631719838940853e+02,2.294632656636756280e+02,1.680000000000000000e+02,1.660000000000000000e+02,8.143920372059051260e+01
2.503989124298095703e+01,1.173125202550650101e+02,2.288344234229741971e+02,1.690000000000000000e+02,1.650000000000000000e+02,8.213664940893694677e+01
2.504989957809448242e+01,1.176618435597102916e+02,2.282056261231161329e+02,1.690000000000000000e+02,1.650000000000000000e+02,8.142823515404714385e+01
2.505990719795227051e+01,1.180111335756547106e+02,2.275768887443825292e+02,1.700000000000000000e+02,1.650000000000000000e+02,8.135544995275513713e+01
2.506991386413574219e+01,1.183603986250734863e+02,2.269481963064922638e+02,1.700000000000000000e+02,1.640000000000000000e+02,8.141943163890299218e+01
2.507991981506347656e+01,1.187097302518939728e+02,2.263193840263530774e+02,1.710000000000000000e+02,1.640000000000000000e+02,8.135095534628811720e+01
2.508992767333984375e+01,1.190590119456631726e+02,2.256906616279005959e+02,1.710000000000000000e+02,1.630000000000000000e+02,8.141243943897448787e+01
2.509993410110473633e+01,1.194083685390093024e+02,2.250618044069180428e+02,1.720000000000000000e+02,1.630000000000000000e+02,8.134830831659142802e+01
2.510994267463684082e+01,1.197576668771289405e+02,2.244330520479033169e+02,1.720000000000000000e+02,1.620000000000000000e+02,8.140729302794213140e+01
2.511994957923889160e+01,1.201412941880100220e+02,2.237425060292837031e+02,1.730000000000000000e+02,1.620000000000000000e+02,8.127840937724259618e+01
2.513093996047973633e+01,1.204906258148305085e+02,2.231136937491445167e+02,1.730000000000000000e+02,1.610000000000000000e+02,8.133477318146684354e+01
2.514094781875610352e+01,1.208399241529501467e+02,2.224849413901297908e+02,1.730000000000000000e+02,1.610000000000000000e+02,8.062922255682296679e+01
2.515095472335815430e+01,1.211892308132449898e+02,2.218561740508339426e+02,1.740000000000000000e+02,1.610000000000000000e+02,8.057574859845924209e+01
2.516096186637878418e+01,1.215385374735398329e+02,2.212274067115380944e+02,1.740000000000000000e+02,1.600000000000000000e+02,8.062878135650620948e+01
2.517096900939941406e+01,1.218878524560098953e+02,2.205986243919611240e+02,1.750000000000000000e+02,1.600000000000000000e+02,8.057973377303105167e+01
2.518097639083862305e+01,1.222377000576937149e+02,2.199688833343927286e+02,1.750000000000000000e+02,1.590000000000000000e+02,8.062918224963394209e+01
2.519099903106689453e+01,1.225870233623389964e+02,2.193400860345346643e+02,1.760000000000000000e+02,1.590000000000000000e+02,8.058456462592799596e+01
2.520100665092468262e+01,1.229363050561081963e+02,2.187113636360821829e+02,1.760000000000000000e+02,1.580000000000000000e+02,8.063265712880242120e+01
2.521101307868957520e+01,1.232856117164030394e+02,2.180825962967863347e+02,1.770000000000000000e+02,1.580000000000000000e+02,8.059251755866435474e+01
2.522102022171020508e+01,1.236698798347756707e+02,2.173908967965207637e+02,1.770000000000000000e+02,1.580000000000000000e+02,7.982092669928260875e+01
2.523202896118164062e+01,1.240191864950705138e+02,2.167621294572249155e+02,1.780000000000000000e+02,1.570000000000000000e+02,8.053223170827992305e+01
2.524203610420227051e+01,1.243684765110149328e+02,2.161333920784913118e+02,1.780000000000000000e+02,1.570000000000000000e+02,7.983168775904800896e+01
2.525204277038574219e+01,1.247177498826089135e+02,2.155046846603199242e+02,1.790000000000000000e+02,1.560000000000000000e+02,8.054421254398802432e+01
2.526204895973205566e+01,1.250670981537798383e+02,2.148758424196184933e+02,1.790000000000000000e+02,1.560000000000000000e+02,7.984436562572068397e+01
2.527205729484558105e+01,1.254163964918994765e+02,2.142470900606037674e+02,1.790000000000000000e+02,1.550000000000000000e+02,7.988379213308927262e+01
2.528206419944763184e+01,1.257656865078438955e+02,2.136183526818701637e+02,1.800000000000000000e+02,1.550000000000000000e+02,7.985907607217592385e+01
2.529207086563110352e+01,1.261149848459635336e+02,2.129896003228554378e+02,1.800000000000000000e+02,1.540000000000000000e+02,7.989598115300272241e+01
2.530207777023315430e+01,1.264692720638849153e+02,2.123608479638407118e+02,1.810000000000000000e+02,1.540000000000000000e+02,7.987232852685048101e+01
2.531208467483520508e+01,1.268235677228436060e+02,2.117320806245448637e+02,1.810000000000000000e+02,1.540000000000000000e+02,7.917120024049314964e+01
2.532209181785583496e+01,1.271829037398625672e+02,2.111032234035623105e+02,1.820000000000000000e+02,1.530000000000000000e+02,7.988052711567095798e+01
2.533210039138793945e+01,1.275421712776863075e+02,2.104744860248287068e+02,1.820000000000000000e+02,1.530000000000000000e+02,7.917683785657952455e+01
2.534210705757141113e+01,1.279014644952082449e+02,2.098457037052517364e+02,1.830000000000000000e+02,1.520000000000000000e+02,7.988725838285209591e+01
2.535211443901062012e+01,1.282607063533337737e+02,2.092170112673614710e+02,1.830000000000000000e+02,1.520000000000000000e+02,7.918444700384870316e+01
2.536212038993835449e+01,1.286200680500509463e+02,2.085881091055355796e+02,1.840000000000000000e+02,1.520000000000000000e+02,7.917797013640212356e+01
2.537212967872619629e+01,1.289843156700528368e+02,2.079593867070830981e+02,1.840000000000000000e+02,1.510000000000000000e+02,7.919025985775920162e+01
2.538213610649108887e+01,1.293485459325317493e+02,2.073306942691928327e+02,1.850000000000000000e+02,1.510000000000000000e+02,7.918479308978967879e+01
2.539214205741882324e+01,1.297128369463411275e+02,2.067018969693347685e+02,1.850000000000000000e+02,1.500000000000000000e+02,7.919454222636127838e+01
2.540214967727661133e+01,1.300771453176735122e+02,2.060730697089144599e+02,1.860000000000000000e+02,1.500000000000000000e+02,7.919314883499320956e+01
2.541215777397155762e+01,1.304414016164369059e+02,2.054443323301808562e+02,1.860000000000000000e+02,1.490000000000000000e+02,7.920050824676543755e+01
2.542216444015502930e+01,1.308056492364387964e+02,2.048156099317283747e+02,1.870000000000000000e+02,1.490000000000000000e+02,7.920345554197119498e+01
2.543217086791992188e+01,1.311699836440556624e+02,2.041867377304647277e+02,1.870000000000000000e+02,1.490000000000000000e+02,7.850201747494207893e+01
2.544217967987060547e+01,1.315342225852960496e+02,2.035580303122933401e+02,1.870000000000000000e+02,1.480000000000000000e+02,7.850571441875545986e+01
2.545218586921691895e+01,1.319034516402181794e+02,2.029293528546841969e+02,1.880000000000000000e+02,1.480000000000000000e+02,7.851150579956890851e+01
2.546219158172607422e+01,1.322777224822886524e+02,2.023005855153883488e+02,1.880000000000000000e+02,1.470000000000000000e+02,7.850558559813192971e+01
2.547219872474670410e+01,1.326520468260162033e+02,2.016717282944057956e+02,1.890000000000000000e+02,1.470000000000000000e+02,7.851171697011091055e+01
2.548220729827880859e+01,1.330262641664295984e+02,2.010430508367966524e+02,1.890000000000000000e+02,1.470000000000000000e+02,7.780559393073811236e+01
2.549221301078796387e+01,1.334005885101571494e+02,2.004141936158140993e+02,1.900000000000000000e+02,1.460000000000000000e+02,7.851367936771183054e+01
2.550222158432006836e+01,1.337748415183419297e+02,1.997854562370804956e+02,1.900000000000000000e+02,1.460000000000000000e+02,7.780837839794932620e+01
2.551222825050354004e+01,1.341491034434695564e+02,1.991567038780657697e+02,1.910000000000000000e+02,1.450000000000000000e+02,7.851734212400359070e+01
2.552223515510559082e+01,1.345234010363685684e+02,1.985278915979265832e+02,1.910000000000000000e+02,1.450000000000000000e+02,7.781286146530170811e+01
2.553224301338195801e+01,1.348976540445533487e+02,1.978991542191929796e+02,1.920000000000000000e+02,1.450000000000000000e+02,7.783956854146531157e+01
2.554224967956542969e+01,1.352769229210926198e+02,1.972703718996160092e+02,1.920000000000000000e+02,1.440000000000000000e+02,7.781542260775216846e+01
2.555225706100463867e+01,1.356561917976318909e+02,1.966415895800390388e+02,1.930000000000000000e+02,1.440000000000000000e+02,7.784246458497607080e+01
2.556226444244384766e+01,1.360403857090278734e+02,1.960129121224298956e+02,1.930000000000000000e+02,1.430000000000000000e+02,7.781238019670642814e+01
2.557227015495300293e+01,1.364396681231907849e+02,1.953840399211662486e+02,1.940000000000000000e+02,1.430000000000000000e+02,7.782852590297954976e+01
2.558227896690368652e+01,1.368388078685539710e+02,1.947553924241193215e+02,1.940000000000000000e+02,1.430000000000000000e+02,7.711045668949623177e+01
2.559228420257568359e+01,1.372530400391331966e+02,1.941265501834178906e+02,1.950000000000000000e+02,1.420000000000000000e+02,7.779388548431256822e+01
2.560229253768920898e+01,1.376671833991560732e+02,1.934978427652465029e+02,1.950000000000000000e+02,1.420000000000000000e+02,7.706542460053053389e+01
2.561229872703552246e+01,1.380913947556839503e+02,1.928690005245450720e+02,1.960000000000000000e+02,1.410000000000000000e+02,7.774187916919223085e+01
2.562230706214904785e+01,1.385354375119631527e+02,1.922403380472170511e+02,1.960000000000000000e+02,1.410000000000000000e+02,7.699187090293735025e+01
2.563231253623962402e+01,1.389795543353274923e+02,1.916115707079212029e+02,1.970000000000000000e+02,1.410000000000000000e+02,7.699287762286925840e+01
2.564231967926025391e+01,1.394386272170849281e+02,1.909828183489064770e+02,1.970000000000000000e+02,1.400000000000000000e+02,7.689316876973734338e+01
2.565232658386230469e+01,1.399078007869947839e+02,1.903539012067994634e+02,1.980000000000000000e+02,1.400000000000000000e+02,7.687794856880354644e+01
2.566233611106872559e+01,1.404237430821046644e+02,1.896622915882205973e+02,1.980000000000000000e+02,1.390000000000000000e+02,7.669219744958007823e+01
2.567334342002868652e+01,1.408978017912665734e+02,1.890335392292058714e+02,1.990000000000000000e+02,1.390000000000000000e+02,7.667607504618000291e+01
2.568335032463073730e+01,1.413768722072381934e+02,1.884047569096289010e+02,1.990000000000000000e+02,1.380000000000000000e+02,7.655758862281217603e+01
2.569335770606994629e+01,1.418558513151780005e+02,1.877760944323008800e+02,2.000000000000000000e+02,1.380000000000000000e+02,7.654019599671811136e+01
2.570336318016052246e+01,1.423448883149733604e+02,1.871473270930050319e+02,2.000000000000000000e+02,1.380000000000000000e+02,7.575996082232171602e+01
2.571337032318115234e+01,1.428339602684532110e+02,1.865185148128658454e+02,2.010000000000000000e+02,1.370000000000000000e+02,7.638960326722408922e+01
2.572337818145751953e+01,1.433230671756175525e+02,1.858896575918832923e+02,2.010000000000000000e+02,1.370000000000000000e+02,7.560970307758070419e+01
2.573338675498962402e+01,1.438120575705002295e+02,1.852609501737119047e+02,2.020000000000000000e+02,1.370000000000000000e+02,7.559732770308936267e+01
2.574339294433593750e+01,1.443010712678392338e+02,1.846322127949783010e+02,2.020000000000000000e+02,1.360000000000000000e+02,7.546031074793569360e+01
2.575339961051940918e+01,1.447901548725472480e+02,1.840033855345579923e+02,2.030000000000000000e+02,1.360000000000000000e+02,7.545005694193640977e+01
2.576340770721435547e+01,1.452841691009161877e+02,1.833746331755432664e+02,2.030000000000000000e+02,1.350000000000000000e+02,7.530751802602452472e+01
2.577341461181640625e+01,1.457782186395558881e+02,1.827458358756852022e+02,2.040000000000000000e+02,1.350000000000000000e+02,7.529568824475425970e+01
2.578342223167419434e+01,1.462821866118994194e+02,1.821171134772327207e+02,2.040000000000000000e+02,1.350000000000000000e+02,7.450750542549405964e+01
2.579342865943908691e+01,1.467861785998718460e+02,1.814883611182179948e+02,2.050000000000000000e+02,1.340000000000000000e+02,7.512651624892703239e+01
2.580343556404113770e+01,1.472902186191020633e+02,1.808595488380788083e+02,2.050000000000000000e+02,1.340000000000000000e+02,7.433865874724487810e+01
2.581344342231750488e+01,1.477991024734639325e+02,1.802309163213130034e+02,2.060000000000000000e+02,1.330000000000000000e+02,7.495401209705337919e+01
2.582344841957092285e+01,1.483081682279739084e+02,1.796020591003304503e+02,2.060000000000000000e+02,1.330000000000000000e+02,7.416265479068593436e+01
2.583345699310302734e+01,1.488221134844725952e+02,1.789733367018779688e+02,2.070000000000000000e+02,1.330000000000000000e+02,7.414994380926950157e+01
2.584346342086791992e+01,1.493361322142030758e+02,1.783445244217387824e+02,2.070000000000000000e+02,1.320000000000000000e+02,7.397929840093787845e+01
2.585347127914428711e+01,1.498500284885472240e+02,1.777158619444107615e+02,2.080000000000000000e+02,1.320000000000000000e+02,7.396863673276122597e+01
2.586347675323486328e+01,1.503690118447263728e+02,1.770870796248337911e+02,2.080000000000000000e+02,1.320000000000000000e+02,7.317223206141378000e+01
2.587348413467407227e+01,1.508879828365047899e+02,1.764583122855379429e+02,2.090000000000000000e+02,1.310000000000000000e+02,7.377983935100327528e+01
2.588349127769470215e+01,1.514120177265239988e+02,1.758294550645553898e+02,2.090000000000000000e+02,1.310000000000000000e+02,7.297983107486051324e+01
2.589349985122680664e+01,1.519359153006521694e+02,1.752007626266651243e+02,2.100000000000000000e+02,1.300000000000000000e+02,7.358360465487652391e+01
2.590350580215454102e+01,1.524598628078316267e+02,1.745720102676503984e+02,2.100000000000000000e+02,1.300000000000000000e+02,7.278414310406553511e+01
2.591351270675659180e+01,1.529888496033125023e+02,1.739923239468970735e+02,2.110000000000000000e+02,1.300000000000000000e+02,7.280534414859825176e+01
2.592352056503295898e+01,1.535228384750305111e+02,1.734126238161971116e+02,2.110000000000000000e+02,1.290000000000000000e+02,7.263680369624252364e+01
2.593352866172790527e+01,1.540567510208264537e+02,1.728330065451770565e+02,2.120000000000000000e+02,1.290000000000000000e+02,7.265502436206342907e+01
2.594353532791137695e+01,1.546495668539489259e+02,1.721954013081563630e+02,2.120000000000000000e+02,1.280000000000000000e+02,7.240376840212574905e+01
2.595454311370849609e+01,1.552533714903878774e+02,1.715739929149254692e+02,2.130000000000000000e+02,1.280000000000000000e+02,7.234200690316188798e+01
2.596555113792419434e+01,1.558021849311363383e+02,1.710091789704510745e+02,2.130000000000000000e+02,1.280000000000000000e+02,7.156381435030009186e+01
2.597555661201477051e+01,1.563610679122255362e+02,1.704491830588907249e+02,2.140000000000000000e+02,1.270000000000000000e+02,7.218087004673796514e+01
2.598556375503540039e+01,1.569199375780172545e+02,1.698892004891432350e+02,2.140000000000000000e+02,1.270000000000000000e+02,7.139759831181558525e+01
2.599557065963745117e+01,1.574888256624774669e+02,1.693242654150519968e+02,2.150000000000000000e+02,1.270000000000000000e+02,7.140643259962422462e+01
2.600557827949523926e+01,1.580627713427445258e+02,1.687641761108015430e+02,2.150000000000000000e+02,1.260000000000000000e+02,7.120830545381797094e+01
2.601558709144592285e+01,1.586365256166389486e+02,1.682042735919312690e+02,2.160000000000000000e+02,1.260000000000000000e+02,7.121635277626275240e+01
2.602559256553649902e+01,1.592154665280580161e+02,1.676491105765326211e+02,2.160000000000000000e+02,1.250000000000000000e+02,7.101710973135563165e+01
2.603560113906860352e+01,1.597992024104019606e+02,1.670892213994752069e+02,2.170000000000000000e+02,1.250000000000000000e+02,7.101713738880360438e+01
2.604560637474060059e+01,1.603830913034621233e+02,1.665291854624762493e+02,2.170000000000000000e+02,1.250000000000000000e+02,7.021500975951548185e+01
2.605561423301696777e+01,1.609768740202867434e+02,1.659692295763545076e+02,2.180000000000000000e+02,1.240000000000000000e+02,7.080291750860975242e+01
2.606562066078186035e+01,1.615707133282685675e+02,1.654092203229812696e+02,2.180000000000000000e+02,1.240000000000000000e+02,6.999277049837112941e+01
2.607562804222106934e+01,1.621696273536846604e+02,1.648442179546584612e+02,2.190000000000000000e+02,1.240000000000000000e+02,6.998529413703074908e+01
2.608563685417175293e+01,1.627733010415834940e+02,1.642941645024883996e+02,2.190000000000000000e+02,1.230000000000000000e+02,6.976137683359588948e+01
2.609662771224975586e+01,1.633771473556441549e+02,1.637439537573665973e+02,2.200000000000000000e+02,1.230000000000000000e+02,6.975827699539935622e+01
2.610564970970153809e+01,1.639860265380816884e+02,1.631887907419679493e+02,2.200000000000000000e+02,1.230000000000000000e+02,6.893985874872517172e+01
2.611565828323364258e+01,1.645948622073924810e+02,1.626287548049689917e+02,2.210000000000000000e+02,1.220000000000000000e+02,6.951428116873059082e+01
2.612566614151000977e+01,1.652035093198207392e+02,1.620688923115373257e+02,2.210000000000000000e+02,1.220000000000000000e+02,6.869326388589281862e+01
2.613567090034484863e+01,1.658124755285117544e+02,1.615038226489829185e+02,2.220000000000000000e+02,1.210000000000000000e+02,6.926469198238271474e+01
2.614568090438842773e+01,1.664212676846958061e+02,1.609389144925843027e+02,2.220000000000000000e+02,1.210000000000000000e+02,6.844057551352267410e+01
2.615568804740905762e+01,1.670299293014996636e+02,1.603741274658025304e+02,2.230000000000000000e+02,1.210000000000000000e+02,6.843223456594407139e+01
2.616569304466247559e+01,1.676386489358058327e+02,1.598092866036354849e+02,2.230000000000000000e+02,1.200000000000000000e+02,6.818840437745514294e+01
2.617569899559020996e+01,1.682475136138677954e+02,1.592443111530052988e+02,2.240000000000000000e+02,1.200000000000000000e+02,6.817958415911432724e+01
2.618570733070373535e+01,1.688563347788030171e+02,1.586892010367243415e+02,2.240000000000000000e+02,1.200000000000000000e+02,6.736228982811913113e+01
2.619571495056152344e+01,1.694650399087336154e+02,1.581341967186787656e+02,2.250000000000000000e+02,1.190000000000000000e+02,6.793833339989139120e+01
2.620572066307067871e+01,1.700738900824199789e+02,1.575790601528389629e+02,2.250000000000000000e+02,1.190000000000000000e+02,6.712094630556433117e+01
2.621572875976562500e+01,1.706826097167261480e+02,1.570142192906719174e+02,2.260000000000000000e+02,1.190000000000000000e+02,6.712000101334425040e+01
2.622573471069335938e+01,1.712914743947881107e+02,1.564492438400417313e+02,2.270000000000000000e+02,1.180000000000000000e+02,6.768887779375232583e+01
2.623574304580688477e+01,1.719001795247187090e+02,1.558844164367210112e+02,2.270000000000000000e+02,1.180000000000000000e+02,6.686717599210486185e+01
2.624574875831604004e+01,1.725090296984050724e+02,1.553194544449371506e+02,2.280000000000000000e+02,1.180000000000000000e+02,6.687293522106105570e+01
2.625575685501098633e+01,1.731178653677158650e+02,1.547545059119995869e+02,2.280000000000000000e+02,1.170000000000000000e+02,6.661419832479690228e+01
2.626576471328735352e+01,1.737864445600372107e+02,1.541341203910886577e+02,2.290000000000000000e+02,1.170000000000000000e+02,6.653930869449810359e+01
2.627675461769104004e+01,1.744013224577105916e+02,1.535731238435631099e+02,2.290000000000000000e+02,1.160000000000000000e+02,6.627786376106753607e+01
2.628677964210510254e+01,1.750150889893208159e+02,1.530131412738156200e+02,2.300000000000000000e+02,1.160000000000000000e+02,6.628207197883709512e+01
2.629678654670715332e+01,1.756288555209310402e+02,1.524531587040681302e+02,2.300000000000000000e+02,1.160000000000000000e+02,6.546032486527828098e+01
2.630679345130920410e+01,1.762426512990166145e+02,1.519127988981816770e+02,2.310000000000000000e+02,1.150000000000000000e+02,6.603727704303599921e+01
2.631680083274841309e+01,1.768564617003398780e+02,1.513724262186161411e+02,2.310000000000000000e+02,1.150000000000000000e+02,6.522634535703680569e+01
2.632680845260620117e+01,1.775305198408757974e+02,1.507790139812231018e+02,2.320000000000000000e+02,1.150000000000000000e+02,6.516948757105416234e+01
2.633779835700988770e+01,1.781443009957237109e+02,1.502386670490157314e+02,2.320000000000000000e+02,1.140000000000000000e+02,6.491284391188406744e+01
2.634780550003051758e+01,1.787580675273339352e+02,1.496835966070730422e+02,2.330000000000000000e+02,1.140000000000000000e+02,6.492693050796086141e+01
2.635781240463256836e+01,1.793718633054195095e+02,1.491284997155715075e+02,2.330000000000000000e+02,1.140000000000000000e+02,6.410919230188068241e+01
2.636781978607177734e+01,1.799866973333798796e+02,1.485724638647309348e+02,2.340000000000000000e+02,1.130000000000000000e+02,6.467485640002226432e+01
2.637784409523010254e+01,1.806054822289914057e+02,1.480173669732294002e+02,2.340000000000000000e+02,1.130000000000000000e+02,6.385288182796740131e+01
2.638785147666931152e+01,1.812860365226258068e+02,1.474068582559454512e+02,2.350000000000000000e+02,1.130000000000000000e+02,6.378888435686432246e+01
2.639885783195495605e+01,1.819048066761375537e+02,1.468517745892233393e+02,2.360000000000000000e+02,1.120000000000000000e+02,6.435010592659568829e+01
2.640886497497558594e+01,1.825236800243476694e+02,1.462965983490452686e+02,2.360000000000000000e+02,1.120000000000000000e+02,6.352931178955181224e+01
2.641887378692626953e+01,1.831424649199591954e+02,1.457562385431588154e+02,2.370000000000000000e+02,1.120000000000000000e+02,6.356192040428346246e+01
2.642888116836547852e+01,1.837611613629721035e+02,1.452159559793468588e+02,2.370000000000000000e+02,1.110000000000000000e+02,6.328590350939217757e+01
2.643888711929321289e+01,1.843798872901845414e+02,1.446756476681767367e+02,2.380000000000000000e+02,1.110000000000000000e+02,6.331797322154658758e+01
2.644889354705810547e+01,1.849986427015965376e+02,1.441353136096484491e+02,2.380000000000000000e+02,1.110000000000000000e+02,6.250674270414976519e+01
2.645890045166015625e+01,1.856174275972080636e+02,1.435949538037619959e+02,2.390000000000000000e+02,1.100000000000000000e+02,6.307392454426968698e+01
2.646890783309936523e+01,1.862362862033184285e+02,1.430545296294801290e+02,2.390000000000000000e+02,1.100000000000000000e+02,6.226243990275602158e+01
2.647891640663146973e+01,1.868549531621318067e+02,1.425142728130263663e+02,2.400000000000000000e+02,1.100000000000000000e+02,6.230227877019515148e+01
2.648892188072204590e+01,1.874787271752692561e+02,1.419739130071399131e+02,2.400000000000000000e+02,1.090000000000000000e+02,6.201421641956165587e+01
2.649892926216125488e+01,1.881025606322541535e+02,1.414335017065371289e+02,2.410000000000000000e+02,1.090000000000000000e+02,6.204894136576622543e+01
2.650893759727478027e+01,1.887262900625060240e+02,1.408931805216879241e+02,2.410000000000000000e+02,1.090000000000000000e+02,6.123492234353065555e+01
2.651894426345825195e+01,1.893550531931694252e+02,1.403577330776731742e+02,2.420000000000000000e+02,1.080000000000000000e+02,6.179412038551859609e+01
2.652895164489746094e+01,1.899838013440088673e+02,1.398222983903040699e+02,2.430000000000000000e+02,1.080000000000000000e+02,6.183345368627782790e+01
2.653895878791809082e+01,1.906124745957285427e+02,1.393262207635312961e+02,2.430000000000000000e+02,1.080000000000000000e+02,6.103920809863678443e+01
2.654896473884582520e+01,1.912412527062159029e+02,1.389528723667405643e+02,2.440000000000000000e+02,1.070000000000000000e+02,6.168039776537261787e+01
2.655897235870361328e+01,1.918700607763511528e+02,1.385795061808660193e+02,2.440000000000000000e+02,1.070000000000000000e+02,6.094912447352035656e+01
2.656898045539855957e+01,1.924988388868385130e+02,1.383830070246603725e+02,2.450000000000000000e+02,1.070000000000000000e+02,6.116588140573159649e+01
2.657898807525634766e+01,1.931274522192623806e+02,1.380392236170540912e+02,2.450000000000000000e+02,1.060000000000000000e+02,6.096944368491895716e+01
2.658899307250976562e+01,1.938180670430336363e+02,1.376615321090740736e+02,2.460000000000000000e+02,1.060000000000000000e+02,6.103611015308283072e+01
2.659998488426208496e+01,1.944479836201415139e+02,1.372432153660744802e+02,2.460000000000000000e+02,1.060000000000000000e+02,6.028058476192902759e+01
2.661001062393188477e+01,1.950765969525653816e+02,1.368257640854097019e+02,2.470000000000000000e+02,1.050000000000000000e+02,6.090089526145323617e+01
2.662001562118530273e+01,1.957053750630527418e+02,1.364032908995675655e+02,2.470000000000000000e+02,1.050000000000000000e+02,6.014403733326317791e+01
2.663002324104309082e+01,1.963340632945963762e+02,1.359563192194613634e+02,2.480000000000000000e+02,1.050000000000000000e+02,6.023008148146544016e+01
2.664002943038940430e+01,1.969628264252597774e+02,1.355092942891371308e+02,2.490000000000000000e+02,1.040000000000000000e+02,6.083340414810839292e+01
2.665003681182861328e+01,1.975915446164513014e+02,1.350623013089437165e+02,2.490000000000000000e+02,1.040000000000000000e+02,6.006409782498962358e+01
2.666004347801208496e+01,1.982204126058823874e+02,1.346250281905258532e+02,2.500000000000000000e+02,1.040000000000000000e+02,6.015827476229323167e+01
2.667005252838134766e+01,1.988490259383062551e+02,1.341879321437121462e+02,2.500000000000000000e+02,1.030000000000000000e+02,5.990917508079092357e+01
2.668005752563476562e+01,1.994779089075613001e+02,1.337408220130390646e+02,2.510000000000000000e+02,1.030000000000000000e+02,5.999603327366650518e+01
2.669006681442260742e+01,2.001066570584007422e+02,1.332938077327584381e+02,2.510000000000000000e+02,1.030000000000000000e+02,5.922708115989311750e+01
2.670007395744323730e+01,2.007353452899443766e+02,1.328468360526522360e+02,2.520000000000000000e+02,1.030000000000000000e+02,5.932030381661181195e+01
2.671008014678955078e+01,2.013640335214880110e+02,1.324096879259549553e+02,2.520000000000000000e+02,1.020000000000000000e+02,5.906564332136711926e+01
2.672008633613586426e+01,2.019929164907430561e+02,1.319724043915603886e+02,2.530000000000000000e+02,1.020000000000000000e+02,5.916136909446517933e+01
2.673009562492370605e+01,2.026215897424627315e+02,1.315352666808398112e+02,2.530000000000000000e+02,1.020000000000000000e+02,5.839791261667716782e+01
2.674010157585144043e+01,2.032505176511896252e+02,1.310979518985151060e+02,2.540000000000000000e+02,1.010000000000000000e+02,5.900336149032142430e+01
2.675011157989501953e+01,2.038790261248458080e+02,1.306609287635383794e+02,2.550000000000000000e+02,1.010000000000000000e+02,5.910266208099171337e+01
2.676011490821838379e+01,2.045080289326924685e+02,1.302333903701437805e+02,2.550000000000000000e+02,1.010000000000000000e+02,5.834406786293732239e+01
2.677012610435485840e+01,2.051367321440600620e+02,1.298060556149455920e+02,2.560000000000000000e+02,1.000000000000000000e+02,5.895314214107948914e+01
2.678013253211975098e+01,2.057653304966599705e+02,1.293935253566275208e+02,2.560000000000000000e+02,1.000000000000000000e+02,5.820224525738251486e+01
2.679013729095458984e+01,2.063940486878514946e+02,1.289907404733762917e+02,2.570000000000000000e+02,1.000000000000000000e+02,5.832173986947065458e+01
2.680014395713806152e+01,2.070227818588669777e+02,1.285879459933824762e+02,2.570000000000000000e+02,9.900000000000000000e+01,5.807898829382028794e+01
2.681015086174011230e+01,2.076515899290022276e+02,1.281998416685918301e+02,2.580000000000000000e+02,9.900000000000000000e+01,5.820303385690630193e+01
2.682015895843505859e+01,2.082803680394895878e+02,1.278903554975679384e+02,2.580000000000000000e+02,9.900000000000000000e+01,5.750386459242945847e+01
2.683016657829284668e+01,2.089090113315613451e+02,1.275809356845080487e+02,2.590000000000000000e+02,9.900000000000000000e+01,5.767128427895147524e+01
2.684017205238342285e+01,2.095378194016965949e+02,1.272714347672699233e+02,2.600000000000000000e+02,9.800000000000000000e+01,5.833736850484710601e+01
2.685018014907836914e+01,2.102283443465241248e+02,1.269315566487305915e+02,2.600000000000000000e+02,9.800000000000000000e+01,5.756954643391664206e+01
2.686117053031921387e+01,2.108570775175396079e+02,1.266220925970280291e+02,2.610000000000000000e+02,9.800000000000000000e+01,5.773678948222596574e+01
2.687117743492126465e+01,2.114858406482030091e+02,1.263126137991112472e+02,2.610000000000000000e+02,9.700000000000000000e+01,5.754025811595732165e+01
2.688118481636047363e+01,2.121157122858390380e+02,1.260025893912681738e+02,2.620000000000000000e+02,9.700000000000000000e+01,5.770261997645940255e+01
2.689120984077453613e+01,2.127444903963263982e+02,1.256783657835288466e+02,2.620000000000000000e+02,9.700000000000000000e+01,5.699608662295561601e+01
2.690121746063232422e+01,2.133731786278700326e+02,1.253541885210342315e+02,2.630000000000000000e+02,9.600000000000000000e+01,5.765838866314002331e+01
2.691122364997863770e+01,2.140019417585334338e+02,1.250299726375023681e+02,2.630000000000000000e+02,9.600000000000000000e+01,5.695216433787469867e+01
2.692123103141784668e+01,2.146935152910377838e+02,1.246733691521300926e+02,2.640000000000000000e+02,9.600000000000000000e+01,5.703763260242705968e+01
2.693223810195922852e+01,2.153223533208209517e+02,1.243048981242106379e+02,2.650000000000000000e+02,9.600000000000000000e+01,5.717548283489429650e+01
2.694224667549133301e+01,2.159509516734208603e+02,1.239365675364266508e+02,2.650000000000000000e+02,9.500000000000000000e+01,5.694852133754902468e+01
2.695225143432617188e+01,2.165797148040842615e+02,1.235681403960495288e+02,2.660000000000000000e+02,9.500000000000000000e+01,5.708330083775854291e+01
2.696225881576538086e+01,2.172703146480315581e+02,1.231634797007222772e+02,2.660000000000000000e+02,9.500000000000000000e+01,5.628289103586314468e+01
2.697325038909912109e+01,2.178990478190470412e+02,1.227950701153620798e+02,2.670000000000000000e+02,9.400000000000000000e+01,5.692152113238759625e+01
2.698325729370117188e+01,2.185277959698864834e+02,1.224266517524934272e+02,2.670000000000000000e+02,9.400000000000000000e+01,5.619278506529544615e+01
2.699326443672180176e+01,2.191565441207259255e+02,1.220582333896247746e+02,2.680000000000000000e+02,9.400000000000000000e+01,5.632892368204142741e+01
2.700327157974243164e+01,2.197852922715653676e+02,1.216849027819178701e+02,2.690000000000000000e+02,9.400000000000000000e+01,5.646717009767257167e+01
2.701327872276306152e+01,2.204140703820527278e+02,1.213066419062219978e+02,2.690000000000000000e+02,9.300000000000000000e+01,5.623040576811809643e+01
2.702328634262084961e+01,2.210427885732442519e+02,1.209284170768275573e+02,2.700000000000000000e+02,9.300000000000000000e+01,5.636315313306466379e+01
2.703329300880432129e+01,2.216715367240836940e+02,1.205501742242824008e+02,2.700000000000000000e+02,9.300000000000000000e+01,5.562960059536564472e+01
2.704330015182495117e+01,2.223002998547470952e+02,1.201866594457769679e+02,2.710000000000000000e+02,9.200000000000000000e+01,5.626853974424565763e+01
2.705330753326416016e+01,2.229290180459386193e+02,1.198231706486966033e+02,2.710000000000000000e+02,9.200000000000000000e+01,5.554230937739433926e+01
2.706331419944763184e+01,2.235588597239267301e+02,1.194688738925493539e+02,2.720000000000000000e+02,9.200000000000000000e+01,5.568736934144929762e+01
2.707333874702453613e+01,2.241876228545901313e+02,1.191151838377873133e+02,2.730000000000000000e+02,9.200000000000000000e+01,5.583799205865782511e+01
2.708334612846374512e+01,2.248164009650774915e+02,1.187614853566171433e+02,2.730000000000000000e+02,9.100000000000000000e+01,5.560898565127629922e+01
2.709335374832153320e+01,2.254451041764450849e+02,1.184078290074876207e+02,2.740000000000000000e+02,9.100000000000000000e+01,5.575631802172691920e+01
2.710336017608642578e+01,2.260738373474605680e+02,1.180541558055418392e+02,2.740000000000000000e+02,9.100000000000000000e+01,5.503493811160505800e+01
2.711336708068847656e+01,2.267025255790042024e+02,1.177005078828204319e+02,2.750000000000000000e+02,9.000000000000000000e+01,5.567732188614086652e+01
2.712337327003479004e+01,2.273313636087873704e+02,1.173467756960177582e+02,2.750000000000000000e+02,9.000000000000000000e+01,5.495584624374324534e+01
2.713338184356689453e+01,2.279601117596268125e+02,1.169930940676638471e+02,2.760000000000000000e+02,9.000000000000000000e+01,5.510406509045675705e+01
2.714338898658752441e+01,2.285888898701141727e+02,1.166197456708731153e+02,2.760000000000000000e+02,9.000000000000000000e+01,5.437301006317500196e+01
2.715339660644531250e+01,2.292175930814817661e+02,1.162464417467919446e+02,2.770000000000000000e+02,8.900000000000000000e+01,5.500479068943164407e+01
2.716340303421020508e+01,2.299081180263092961e+02,1.158310351574660899e+02,2.780000000000000000e+02,8.900000000000000000e+01,5.507026020814299727e+01
2.717439341545104980e+01,2.305368811569726972e+02,1.154527832933455755e+02,2.780000000000000000e+02,8.900000000000000000e+01,5.433688797007090443e+01
2.718440079689025879e+01,2.311656143279881803e+02,1.150745494523757770e+02,2.790000000000000000e+02,8.800000000000000000e+01,5.496507691860269773e+01
2.719440770149230957e+01,2.317943624788276225e+02,1.147257800688601179e+02,2.790000000000000000e+02,8.800000000000000000e+01,5.424610155641968134e+01
2.720441484451293945e+01,2.324231106296670646e+02,1.143770106853444588e+02,2.800000000000000000e+02,8.800000000000000000e+01,5.439951373727227946e+01
2.721442198753356934e+01,2.330529523076551754e+02,1.140276347174770279e+02,2.810000000000000000e+02,8.800000000000000000e+01,5.455600014112476259e+01
2.722444653511047363e+01,2.336815955997269327e+02,1.136789234995841298e+02,2.810000000000000000e+02,8.700000000000000000e+01,5.432123299488372226e+01
2.723445200920104980e+01,2.343103587303903339e+02,1.133301458066937784e+02,2.820000000000000000e+02,8.700000000000000000e+01,5.447548496916581939e+01
2.724445939064025879e+01,2.349391068812297760e+02,1.129813764231781192e+02,2.820000000000000000e+02,8.700000000000000000e+01,5.375648409242545256e+01
2.725446653366088867e+01,2.356308002523257414e+02,1.125976910472498815e+02,2.830000000000000000e+02,8.700000000000000000e+01,5.384313207536797563e+01
2.726547551155090332e+01,2.362594735040454168e+02,1.122489632106076272e+02,2.830000000000000000e+02,8.600000000000000000e+01,5.360676157679052523e+01
2.727548146247863770e+01,2.368882965540046257e+02,1.118657624701802007e+02,2.840000000000000000e+02,8.600000000000000000e+01,5.374523485619162244e+01
2.728548979759216309e+01,2.375170447048440678e+02,1.114826073727967923e+02,2.850000000000000000e+02,8.600000000000000000e+01,5.388872165934068903e+01
2.729549694061279297e+01,2.381457029767397842e+02,1.110995070470662256e+02,2.850000000000000000e+02,8.600000000000000000e+01,5.315364901443379608e+01
2.730550265312194824e+01,2.387744511275792263e+02,1.107163519496828172e+02,2.860000000000000000e+02,8.500000000000000000e+01,5.377344348190246137e+01
2.731550979614257812e+01,2.394032142582426275e+02,1.103331877236906138e+02,2.860000000000000000e+02,8.500000000000000000e+01,5.303801317646610158e+01
2.732551717758178711e+01,2.400320373082018364e+02,1.099499869832631873e+02,2.870000000000000000e+02,8.500000000000000000e+01,5.318356296717197296e+01
2.733552551269531250e+01,2.406608303985131556e+02,1.095668045000533652e+02,2.870000000000000000e+02,8.500000000000000000e+01,5.244851306471142038e+01
2.734553337097167969e+01,2.412894886704088719e+02,1.091837041743227985e+02,2.880000000000000000e+02,8.400000000000000000e+01,5.306685240912320012e+01
2.735553908348083496e+01,2.419181918817764654e+02,1.088005764627658039e+02,2.890000000000000000e+02,8.400000000000000000e+01,5.321433311211099237e+01
2.736554551124572754e+01,2.425469999519117152e+02,1.084173848509471725e+02,2.890000000000000000e+02,8.400000000000000000e+01,5.247942355273116277e+01
2.737555360794067383e+01,2.431757031632793087e+02,1.080342571393901778e+02,2.900000000000000000e+02,8.400000000000000000e+01,5.263231222828481037e+01
2.738556003570556641e+01,2.438044662939427099e+02,1.076510929133979744e+02,2.900000000000000000e+02,8.300000000000000000e+01,5.236128069683222463e+01
2.739556741714477539e+01,2.444950361782421169e+02,1.072302640474752451e+02,2.910000000000000000e+02,8.300000000000000000e+01,5.243870093617290706e+01
2.740655851364135742e+01,2.451237993089055180e+02,1.068470998214830416e+02,2.920000000000000000e+02,8.300000000000000000e+01,5.259336803369359359e+01
2.741656589508056641e+01,2.457525324799210011e+02,1.064639538527084426e+02,2.920000000000000000e+02,8.200000000000000000e+01,5.231933954216366089e+01
2.742657279968261719e+01,2.463812806307604433e+02,1.060807987553250342e+02,2.930000000000000000e+02,8.200000000000000000e+01,5.247084775684852076e+01
2.743657994270324707e+01,2.470100287815998854e+02,1.056976436579416259e+02,2.930000000000000000e+02,8.200000000000000000e+01,5.173640659736673086e+01
2.744658708572387695e+01,2.476387769324393275e+02,1.053144885605582175e+02,2.940000000000000000e+02,8.200000000000000000e+01,5.189343292903755867e+01
2.745659422874450684e+01,2.482675400631027287e+02,1.049313243345660140e+02,2.940000000000000000e+02,8.200000000000000000e+01,5.115958881399432556e+01
2.746660161018371582e+01,2.488962732341182118e+02,1.045481783657914150e+02,2.950000000000000000e+02,8.100000000000000000e+01,5.176939565081102756e+01
2.747660851478576660e+01,2.495250213849576539e+02,1.041650232684080066e+02,2.960000000000000000e+02,8.100000000000000000e+01,5.192823837079905758e+01
2.748661565780639648e+01,2.501537545559731370e+02,1.037818772996334076e+02,2.960000000000000000e+02,8.100000000000000000e+01,5.119464966780714121e+01
2.749662256240844727e+01,2.507825027068125792e+02,1.033938099574117473e+02,2.970000000000000000e+02,8.100000000000000000e+01,5.135698375541986849e+01
2.750662970542907715e+01,2.514122545058569642e+02,1.030051231571592467e+02,2.970000000000000000e+02,8.000000000000000000e+01,5.106347256811686464e+01
2.751665282249450684e+01,2.520410326163443244e+02,1.026170373236530935e+02,2.980000000000000000e+02,8.000000000000000000e+01,5.122262254386671998e+01
2.752666044235229492e+01,2.526697657873598075e+02,1.022289792270736939e+02,2.980000000000000000e+02,8.000000000000000000e+01,5.048720284636978306e+01
2.753666734695434570e+01,2.532984989583752906e+02,1.018409211304942943e+02,2.990000000000000000e+02,8.000000000000000000e+01,5.065227569701184507e+01
2.754667425155639648e+01,2.539272471092147327e+02,1.014528537882726340e+02,3.000000000000000000e+02,7.900000000000000000e+01,5.125260190637067126e+01
2.755668139457702637e+01,2.545560102398781339e+02,1.010795142860238087e+02,3.000000000000000000e+02,7.900000000000000000e+01,5.052386719585893360e+01
2.756668877601623535e+01,2.551847583907175760e+02,1.007061836783169042e+02,3.010000000000000000e+02,7.900000000000000000e+01,5.069708841337690330e+01
2.757669591903686523e+01,2.558134915617330591e+02,1.003328619651519062e+02,3.010000000000000000e+02,7.900000000000000000e+01,4.996910590020392107e+01
2.758670282363891602e+01,2.564423445713401861e+02,9.995946909565161320e+01,3.020000000000000000e+02,7.800000000000000000e+01,5.057388902506287565e+01
2.759671163558959961e+01,2.570710777423556692e+02,9.958614738248661524e+01,3.030000000000000000e+02,7.800000000000000000e+01,5.074867149558863844e+01
2.760671854019165039e+01,2.576997959335471933e+02,9.921283456386353805e+01,3.030000000000000000e+02,7.800000000000000000e+01,5.002092400881965517e+01
2.761672520637512207e+01,2.583284991449147583e+02,9.883953063978236742e+01,3.040000000000000000e+02,7.800000000000000000e+01,5.020131499913602369e+01
2.762673163414001465e+01,2.589572323159302414e+02,9.846620892661736946e+01,3.040000000000000000e+02,7.700000000000000000e+01,4.989638309860010423e+01
2.763673853874206543e+01,2.595859804667696835e+02,9.810270280858695457e+01,3.050000000000000000e+02,7.700000000000000000e+01,5.007751227838867436e+01
2.764674568176269531e+01,2.602147585772570437e+02,9.773917936960650366e+01,3.050000000000000000e+02,7.700000000000000000e+01,4.935414278678217670e+01
2.765675330162048340e+01,2.608435516675683630e+02,9.737564727015103472e+01,3.060000000000000000e+02,7.700000000000000000e+01,4.954060786543884376e+01
2.766676115989685059e+01,2.614722249192880099e+02,9.701218445449572414e+01,3.070000000000000000e+02,7.700000000000000000e+01,4.973193974138411022e+01
2.767676711082458496e+01,2.621009730701274520e+02,9.664867833646530926e+01,3.070000000000000000e+02,7.600000000000000000e+01,4.941953597811529164e+01
2.768677425384521484e+01,2.627297062411429351e+02,9.628518087890992661e+01,3.080000000000000000e+02,7.600000000000000000e+01,4.960733877465415986e+01
2.769678115844726562e+01,2.633585292911021725e+02,9.592163145850442163e+01,3.080000000000000000e+02,7.600000000000000000e+01,4.888488832984950250e+01
2.770678949356079102e+01,2.639873074015895327e+02,9.555810801952397071e+01,3.090000000000000000e+02,7.600000000000000000e+01,4.907812225689124830e+01
2.771679711341857910e+01,2.646160555524289748e+02,9.518968965665531812e+01,3.100000000000000000e+02,7.500000000000000000e+01,4.967218519505929919e+01
2.772680425643920898e+01,2.652447887234444579e+02,9.482128007129512071e+01,3.100000000000000000e+02,7.500000000000000000e+01,4.894805491614396686e+01
2.773681116104125977e+01,2.658735518541078591e+02,9.444794056904629542e+01,3.110000000000000000e+02,7.500000000000000000e+01,4.913876997484825893e+01
2.774681854248046875e+01,2.665022850251233422e+02,9.407461885588129746e+01,3.110000000000000000e+02,7.500000000000000000e+01,4.841371419838085899e+01
2.775682544708251953e+01,2.671927800103029540e+02,9.366462494640973091e+01,3.120000000000000000e+02,7.500000000000000000e+01,4.853921288602903417e+01
2.776781535148620605e+01,2.678215281611423961e+02,9.329129433870282639e+01,3.130000000000000000e+02,7.400000000000000000e+01,4.912482422316559649e+01
2.777782249450683594e+01,2.684502912918057973e+02,9.291795483645400111e+01,3.130000000000000000e+02,7.400000000000000000e+01,4.840005745016288330e+01
2.778782987594604492e+01,2.690790244628212804e+02,9.254463312328900315e+01,3.140000000000000000e+02,7.400000000000000000e+01,4.859832775815642236e+01
2.779783678054809570e+01,2.697077726136607225e+02,9.216147802590559479e+01,3.140000000000000000e+02,7.400000000000000000e+01,4.787108407931279430e+01
2.780784392356872559e+01,2.703365057846762056e+02,9.177833205713099574e+01,3.150000000000000000e+02,7.300000000000000000e+01,4.845052600715636970e+01
2.781785082817077637e+01,2.709652689153396068e+02,9.139516783113879228e+01,3.160000000000000000e+02,7.300000000000000000e+01,4.864677999008198128e+01
2.782785820960998535e+01,2.715940170661790489e+02,9.101201273375538392e+01,3.160000000000000000e+02,7.300000000000000000e+01,4.791997415524933501e+01
2.783786535263061523e+01,2.722227502371945320e+02,9.062886676498078486e+01,3.170000000000000000e+02,7.300000000000000000e+01,4.812254190852875269e+01
2.784787225723266602e+01,2.728515133678579332e+02,9.024570253898858141e+01,3.170000000000000000e+02,7.300000000000000000e+01,4.739729030199621462e+01
2.785787963867187500e+01,2.734802465388734163e+02,8.986255657021398235e+01,3.180000000000000000e+02,7.200000000000000000e+01,4.796956718028199163e+01
2.786788654327392578e+01,2.741089946897128584e+02,8.947940147283057399e+01,3.190000000000000000e+02,7.200000000000000000e+01,4.817397465039208981e+01
2.787789368629455566e+01,2.747377578203762596e+02,8.913553614181192586e+01,3.190000000000000000e+02,7.200000000000000000e+01,4.746338253469727420e+01
2.788790106773376465e+01,2.753665059712157017e+02,8.879167900313450446e+01,3.200000000000000000e+02,7.200000000000000000e+01,4.768762180023063024e+01
2.789790821075439453e+01,2.759952541220551439e+02,8.846255859897183882e+01,3.200000000000000000e+02,7.200000000000000000e+01,4.698333210200279808e+01
2.790791535377502441e+01,2.766250958000432547e+02,8.813286578422369644e+01,3.210000000000000000e+02,7.100000000000000000e+01,4.756750164487895205e+01
2.791793990135192871e+01,2.772538589307066559e+02,8.780373753882012977e+01,3.210000000000000000e+02,7.100000000000000000e+01,4.686246316326177208e+01
2.792794728279113770e+01,2.778825471622502619e+02,8.746482494621211856e+01,3.220000000000000000e+02,7.100000000000000000e+01,4.708970275336722722e+01
2.793795347213745117e+01,2.785742555131702147e+02,8.709193953373463160e+01,3.230000000000000000e+02,7.100000000000000000e+01,4.725036815905732368e+01
2.794896268844604492e+01,2.792028688455940824e+02,8.675306731766556823e+01,3.230000000000000000e+02,7.100000000000000000e+01,4.654404180205170150e+01
2.795896768569946289e+01,2.798316169964335245e+02,8.641412242382639874e+01,3.240000000000000000e+02,7.000000000000000000e+01,4.711973548412703394e+01
2.796897482872009277e+01,2.804603501674490076e+02,8.607518560529501883e+01,3.250000000000000000e+02,7.000000000000000000e+01,4.735178982309901841e+01
2.797898173332214355e+01,2.811509649912202917e+02,8.570288969028615611e+01,3.250000000000000000e+02,7.000000000000000000e+01,4.657594460476871490e+01
2.798997354507446289e+01,2.817797131420597339e+02,8.542780397934421899e+01,3.260000000000000000e+02,7.000000000000000000e+01,4.683429198166226115e+01
2.799998068809509277e+01,2.824095548200478447e+02,8.515223983567413768e+01,3.260000000000000000e+02,7.000000000000000000e+01,4.614886004035423639e+01
2.801000523567199707e+01,2.830382879910633278e+02,8.492628195665321300e+01,3.270000000000000000e+02,6.900000000000000000e+01,4.675765797941022583e+01
2.802001214027404785e+01,2.836671410006704264e+02,8.470028100932408677e+01,3.280000000000000000e+02,6.900000000000000000e+01,4.703085381774585727e+01
2.803002095222473145e+01,2.842958142523900733e+02,8.447434466445727708e+01,3.280000000000000000e+02,6.900000000000000000e+01,4.636282125427666045e+01
2.804002690315246582e+01,2.849245174637576383e+02,8.424839755251340989e+01,3.290000000000000000e+02,6.900000000000000000e+01,4.663862979035835821e+01
2.805003333091735840e+01,2.855532656145970805e+02,8.402243428995396357e+01,3.290000000000000000e+02,6.900000000000000000e+01,4.597055862997247999e+01
2.806004047393798828e+01,2.861820736847323587e+02,8.385540204890482130e+01,3.300000000000000000e+02,6.800000000000000000e+01,4.659833087893427717e+01
2.807004857063293457e+01,2.868107019969801854e+02,8.368841755750173661e+01,3.310000000000000000e+02,6.800000000000000000e+01,4.689158243713065133e+01
2.808005380630493164e+01,2.874394501478196275e+02,8.352140123300128494e+01,3.310000000000000000e+02,6.800000000000000000e+01,4.624322003991618146e+01
2.809006094932556152e+01,2.880682282583069878e+02,8.317261523073625540e+01,3.320000000000000000e+02,6.800000000000000000e+01,4.647804665973158933e+01
2.810006856918334961e+01,2.886970213486183070e+02,8.282382091909654775e+01,3.320000000000000000e+02,6.800000000000000000e+01,4.577000793886170271e+01
2.811007642745971680e+01,2.893258144389296262e+02,8.247502660745684011e+01,3.330000000000000000e+02,6.700000000000000000e+01,4.633477023709414055e+01
2.812008428573608398e+01,2.899544427511774529e+02,8.215088024179202364e+01,3.340000000000000000e+02,6.700000000000000000e+01,4.657853889357659938e+01
2.813008952140808105e+01,2.905832208616648131e+02,8.182665663405269640e+01,3.340000000000000000e+02,6.700000000000000000e+01,4.587860566419904274e+01
2.814009714126586914e+01,2.912737907459642202e+02,8.147057067057961888e+01,3.350000000000000000e+02,6.700000000000000000e+01,4.605842801551050769e+01
2.815108823776245117e+01,2.919025388968036623e+02,8.114636251125520516e+01,3.350000000000000000e+02,6.700000000000000000e+01,4.535979195103708150e+01
2.816109538078308105e+01,2.925312870476431044e+02,8.082215435193079145e+01,3.360000000000000000e+02,6.700000000000000000e+01,4.561338571804333242e+01
2.817110252380371094e+01,2.931600202186585875e+02,8.059619647290986677e+01,3.370000000000000000e+02,6.600000000000000000e+01,4.620598206622396020e+01
2.818110942840576172e+01,2.937887683694980296e+02,8.037023321035042045e+01,3.370000000000000000e+02,6.600000000000000000e+01,4.553805157826531769e+01
2.819111657142639160e+01,2.944175315001614308e+02,8.014426456425245249e+01,3.380000000000000000e+02,6.600000000000000000e+01,4.582021148579509884e+01
2.820112395286560059e+01,2.950462646711769139e+02,7.980532774572107257e+01,3.380000000000000000e+02,6.600000000000000000e+01,4.511773989092716874e+01
2.821113085746765137e+01,2.956750278018403151e+02,7.946637477657411353e+01,3.390000000000000000e+02,6.600000000000000000e+01,4.536955439052119488e+01
2.822113823890686035e+01,2.963037609728557982e+02,7.912743795804273361e+01,3.400000000000000000e+02,6.600000000000000000e+01,4.562555131129465025e+01
2.823114514350891113e+01,2.969325091236952403e+02,7.888182571613029381e+01,3.400000000000000000e+02,6.500000000000000000e+01,4.524946248955461670e+01
2.824115228652954102e+01,2.975612572745346824e+02,7.863621347421785401e+01,3.410000000000000000e+02,6.500000000000000000e+01,4.552878965537747291e+01
2.825115942955017090e+01,2.981900054253741246e+02,7.856252980164411781e+01,3.410000000000000000e+02,6.500000000000000000e+01,4.490699110494914947e+01
2.826116657257080078e+01,2.988187535762135667e+02,7.848884612907038161e+01,3.420000000000000000e+02,6.500000000000000000e+01,4.523902090679577981e+01
2.827117371559143066e+01,2.994475616463488450e+02,7.841515543448987557e+01,3.430000000000000000e+02,6.500000000000000000e+01,4.557171581013938066e+01
2.828118181228637695e+01,3.000772685059213813e+02,7.814457001065549946e+01,3.430000000000000000e+02,6.400000000000000000e+01,4.519324882876980354e+01
2.829120421409606934e+01,3.007061065357045777e+02,7.783996729424208638e+01,3.440000000000000000e+02,6.400000000000000000e+01,4.545223763472434797e+01
2.830121278762817383e+01,3.013348397067200608e+02,7.753541537034432451e+01,3.450000000000000000e+02,6.400000000000000000e+01,4.571491761652409025e+01
2.831121969223022461e+01,3.019635728777355439e+02,7.722595131864176210e+01,3.450000000000000000e+02,6.400000000000000000e+01,4.502288137972803383e+01
2.832122659683227539e+01,3.026551164505919473e+02,7.688557182881881147e+01,3.460000000000000000e+02,6.400000000000000000e+01,4.521965160488738178e+01
2.833223319053649902e+01,3.032839245207272256e+02,7.657115819860865713e+01,3.460000000000000000e+02,6.400000000000000000e+01,4.452748727253059968e+01
2.834224128723144531e+01,3.039126876513906268e+02,7.625676703882017193e+01,3.470000000000000000e+02,6.300000000000000000e+01,4.508057628012506513e+01
2.835224866867065430e+01,3.045414358022300689e+02,7.594238336917224785e+01,3.480000000000000000e+02,6.300000000000000000e+01,4.534481325803776031e+01
2.836225581169128418e+01,3.051701090539497159e+02,7.562803715022711515e+01,3.480000000000000000e+02,6.300000000000000000e+01,4.465273654232264988e+01
2.837226176261901855e+01,3.057988422249651990e+02,7.531366097071975219e+01,3.490000000000000000e+02,6.300000000000000000e+01,4.492177956854867205e+01
2.838226866722106934e+01,3.064276053556286001e+02,7.499926981093126699e+01,3.490000000000000000e+02,6.300000000000000000e+01,4.423111192081461951e+01
2.839227604866027832e+01,3.070563385266440832e+02,7.468489363142390403e+01,3.500000000000000000e+02,6.300000000000000000e+01,4.450499747124904815e+01
2.840228295326232910e+01,3.076850866774835254e+02,7.437050996177597995e+01,3.510000000000000000e+02,6.300000000000000000e+01,4.478247662789500083e+01
2.841229009628295898e+01,3.083139396870906239e+02,7.405607386114415647e+01,3.510000000000000000e+02,6.200000000000000000e+01,4.435593153099932096e+01
2.842229890823364258e+01,3.089425679993384506e+02,7.374175011262069290e+01,3.520000000000000000e+02,6.200000000000000000e+01,4.462971147339876410e+01
2.843230414390563965e+01,3.095714509685934672e+02,7.342729903170774719e+01,3.520000000000000000e+02,6.200000000000000000e+01,4.394047036696964170e+01
2.844231343269348145e+01,3.102001242203131142e+02,7.311295281276261449e+01,3.530000000000000000e+02,6.200000000000000000e+01,4.421908057587037177e+01
2.845231938362121582e+01,3.108289023308004744e+02,7.279855416283358238e+01,3.540000000000000000e+02,6.200000000000000000e+01,4.450115106344121330e+01
2.846232700347900391e+01,3.114572909658650133e+02,7.248435025655905406e+01,3.540000000000000000e+02,6.200000000000000000e+01,4.381556449785031049e+01
2.847232842445373535e+01,3.121492839334400742e+02,7.213834321347455614e+01,3.550000000000000000e+02,6.100000000000000000e+01,4.427467173179369553e+01
2.848334217071533203e+01,3.128408125264725754e+02,7.179256836474735337e+01,3.560000000000000000e+02,6.100000000000000000e+01,4.448814443515071559e+01
2.849434852600097656e+01,3.134695606773120176e+02,7.147818469509942929e+01,3.560000000000000000e+02,6.100000000000000000e+01,4.380217601313272979e+01
2.850435566902160645e+01,3.141611791492882162e+02,7.113236490552888824e+01,3.570000000000000000e+02,6.100000000000000000e+01,4.402078361931068429e+01
2.851536345481872559e+01,3.147900471387192738e+02,7.081792131475650365e+01,3.580000000000000000e+02,6.100000000000000000e+01,4.431130335723440083e+01
2.852537250518798828e+01,3.154186604711431414e+02,7.050360505637360120e+01,3.580000000000000000e+02,6.100000000000000000e+01,4.362899248366065308e+01
2.853537750244140625e+01,3.160473936421586245e+02,7.018922887686623824e+01,3.590000000000000000e+02,6.100000000000000000e+01,4.392457535688998860e+01
2.854538440704345703e+01,3.166763065710615592e+02,6.987476281567217029e+01,3.590000000000000000e+02,6.000000000000000000e+01,4.346039537478402792e+01
2.855539417266845703e+01,3.173050247622530833e+02,6.956039412630536845e+01,3.600000000000000000e+02,6.000000000000000000e+01,4.375228047087507832e+01
2.856540083885192871e+01,3.179337729130925254e+02,6.925583494633394821e+01,3.610000000000000000e+02,6.000000000000000000e+01,4.404963559502915871e+01
2.857540798187255859e+01,3.185624311849882702e+02,6.895131930280452082e+01,3.610000000000000000e+02,6.000000000000000000e+01,4.337134266067418764e+01
2.858541369438171387e+01,3.191911943156516713e+02,6.865166522863113130e+01,3.620000000000000000e+02,6.000000000000000000e+01,4.367430772603727007e+01
2.859542107582092285e+01,3.198201821436744012e+02,6.836173230360121522e+01,3.620000000000000000e+02,6.000000000000000000e+01,4.300064652432439516e+01
2.860543203353881836e+01,3.204489003348659253e+02,6.807192366809118766e+01,3.630000000000000000e+02,6.000000000000000000e+01,4.330995306411291779e+01
2.861543869972229004e+01,3.210773788488742184e+02,6.778713565039060995e+01,3.640000000000000000e+02,5.900000000000000000e+01,4.381284240290095511e+01
2.862544155120849609e+01,3.217062468383052760e+02,6.750217114625313286e+01,3.640000000000000000e+02,5.900000000000000000e+01,4.313987100934055974e+01
2.863545060157775879e+01,3.223349650294968001e+02,6.722218653228581786e+01,3.650000000000000000e+02,5.900000000000000000e+01,4.345008124740347455e+01
2.864545726776123047e+01,3.229636233013925448e+02,6.695205168721938094e+01,3.660000000000000000e+02,5.900000000000000000e+01,4.376488141627543627e+01
2.865546298027038574e+01,3.235925661899433976e+02,6.668179454220164359e+01,3.660000000000000000e+02,5.900000000000000000e+01,4.309756848991519007e+01
2.866547322273254395e+01,3.242211945021912243e+02,6.642640649652634011e+01,3.670000000000000000e+02,5.900000000000000000e+01,4.341863324968904436e+01
2.867547845840454102e+01,3.248499576328546254e+02,6.620043785042837214e+01,3.670000000000000000e+02,5.900000000000000000e+01,4.276064050958581930e+01
2.868548583984375000e+01,3.254786009249264112e+02,6.597451227263860574e+01,3.680000000000000000e+02,5.800000000000000000e+01,4.326271171907897184e+01
2.869549131393432617e+01,3.261074089950616894e+02,6.575344018889708764e+01,3.690000000000000000e+02,5.800000000000000000e+01,4.358772990050891849e+01
2.870549941062927246e+01,3.267361271862532135e+02,6.553239970418604798e+01,3.690000000000000000e+02,5.800000000000000000e+01,4.292984964474237586e+01
2.871550607681274414e+01,3.273648603572686966e+02,6.532117820857953916e+01,3.700000000000000000e+02,5.800000000000000000e+01,4.325915836810718673e+01
2.872551298141479492e+01,3.279936983870518930e+02,6.512466032702249663e+01,3.700000000000000000e+02,5.800000000000000000e+01,4.260622208050621396e+01
2.873552155494689941e+01,3.286223416791236787e+02,6.492820330285748298e+01,3.710000000000000000e+02,5.800000000000000000e+01,4.294025996389243005e+01
2.874552702903747559e+01,3.292511347694349979e+02,6.473661206125257195e+01,3.720000000000000000e+02,5.800000000000000000e+01,4.327640720490580151e+01
2.875553488731384277e+01,3.299417046537344049e+02,6.456396432138683394e+01,3.720000000000000000e+02,5.800000000000000000e+01,4.256742692536331418e+01
2.876652598381042480e+01,3.305704528045738471e+02,6.440677248656287190e+01,3.730000000000000000e+02,5.700000000000000000e+01,4.307118240629806394e+01
2.877653312683105469e+01,3.311991859755893302e+02,6.426432078022359917e+01,3.740000000000000000e+02,5.700000000000000000e+01,4.341290174072884156e+01
2.878654003143310547e+01,3.318279341264287723e+02,6.412186567991437869e+01,3.740000000000000000e+02,5.700000000000000000e+01,4.276919581670402692e+01
2.879654717445373535e+01,3.324566822772682144e+02,6.397941057960516531e+01,3.750000000000000000e+02,5.700000000000000000e+01,4.311201752291359668e+01
2.880655431747436523e+01,3.330854304281076566e+02,6.384186772413419675e+01,3.750000000000000000e+02,5.700000000000000000e+01,4.246931005269043879e+01
2.881656146049499512e+01,3.337151972069760291e+02,6.370410203698162377e+01,3.760000000000000000e+02,5.700000000000000000e+01,4.281295985291356487e+01
2.882658481597900391e+01,3.343439453578154712e+02,6.357147142634890713e+01,3.770000000000000000e+02,5.700000000000000000e+01,4.315927750025888088e+01
2.883659195899963379e+01,3.350345601815867553e+02,6.343658160207033347e+01,3.770000000000000000e+02,5.700000000000000000e+01,4.245618590821570848e+01
2.884758377075195312e+01,3.356633083324261975e+02,6.331377548111411357e+01,3.780000000000000000e+02,5.700000000000000000e+01,4.280489717521969339e+01
2.885759091377258301e+01,3.362920415034416806e+02,6.320079654160365124e+01,3.790000000000000000e+02,5.600000000000000000e+01,4.331075143399522176e+01
2.886759781837463379e+01,3.369207896542811227e+02,6.310746388967692155e+01,3.790000000000000000e+02,5.600000000000000000e+01,4.267523856128183013e+01
2.887760496139526367e+01,3.375495378051205648e+02,6.301413123775019187e+01,3.800000000000000000e+02,5.600000000000000000e+01,4.302603604306666085e+01
2.888761210441589355e+01,3.381793045839889373e+02,6.292556758172354137e+01,3.800000000000000000e+02,5.600000000000000000e+01,4.239025892121666317e+01
2.889763545989990234e+01,3.388699044279362624e+02,6.283923996672039181e+01,3.810000000000000000e+02,5.600000000000000000e+01,4.268161379603177608e+01
2.890862703323364258e+01,3.394997461059243733e+02,6.276050735424322369e+01,3.820000000000000000e+02,5.600000000000000000e+01,4.303459121157847278e+01
2.891865158081054688e+01,3.401284792769398564e+02,6.268682543717118705e+01,3.820000000000000000e+02,5.600000000000000000e+01,4.240209761425553125e+01
2.892865848541259766e+01,3.407572274277792985e+02,6.261314176459745795e+01,3.830000000000000000e+02,5.600000000000000000e+01,4.275728567843174943e+01
2.893866562843322754e+01,3.413859006794989455e+02,6.253946686953219114e+01,3.840000000000000000e+02,5.600000000000000000e+01,4.311294571048512125e+01
2.894867157936096191e+01,3.420146488303383876e+02,6.246578319695846204e+01,3.840000000000000000e+02,5.500000000000000000e+01,4.264396360076995762e+01
2.895867872238159180e+01,3.426434569004736659e+02,6.239209250237795601e+01,3.850000000000000000e+02,5.500000000000000000e+01,4.299674144520424335e+01
2.896868681907653809e+01,3.432722050513131080e+02,6.232823331948072365e+01,3.850000000000000000e+02,5.500000000000000000e+01,4.236640030571876281e+01
2.897869396209716797e+01,3.439008932828567140e+02,6.227420377573162114e+01,3.860000000000000000e+02,5.500000000000000000e+01,4.272293092652103041e+01
2.898870015144348145e+01,3.445297313126399104e+02,6.222016135830343586e+01,3.870000000000000000e+02,5.500000000000000000e+01,4.307962920472385804e+01
2.899870872497558594e+01,3.451584495038314344e+02,6.217595326136122935e+01,3.870000000000000000e+02,5.500000000000000000e+01,4.245243989610803226e+01
2.900871539115905762e+01,3.457872276143187946e+02,6.213174095121495810e+01,3.880000000000000000e+02,5.500000000000000000e+01,4.281097851580323521e+01
2.901872301101684570e+01,3.464777375793223655e+02,6.209397753505582074e+01,3.890000000000000000e+02,5.500000000000000000e+01,4.310994454462740322e+01
2.902971315383911133e+01,3.471075043581907380e+02,6.205953611326767572e+01,3.890000000000000000e+02,5.500000000000000000e+01,4.248315243992067991e+01
2.903973650932312012e+01,3.477362974485020573e+02,6.202514794169756129e+01,3.900000000000000000e+02,5.500000000000000000e+01,4.284359061708333627e+01
2.904974436759948730e+01,3.483650455993414994e+02,6.199567447266807108e+01,3.910000000000000000e+02,5.400000000000000000e+01,4.337822203616816807e+01
2.905975151062011719e+01,3.489938536694767777e+02,6.196619819483586866e+01,3.910000000000000000e+02,5.400000000000000000e+01,4.275484350597877636e+01
2.906975960731506348e+01,3.496224969615485634e+02,6.193672964121111590e+01,3.920000000000000000e+02,5.400000000000000000e+01,4.311431828489973839e+01
2.907976508140563965e+01,3.502513499711556619e+02,6.190725125677688112e+01,3.920000000000000000e+02,5.400000000000000000e+01,4.249087433401111014e+01
2.908977389335632324e+01,3.508799932632274476e+02,6.187778270315212836e+01,3.930000000000000000e+02,5.400000000000000000e+01,4.285037255175091531e+01
2.909977936744689941e+01,3.515087863535387669e+02,6.184830712752060577e+01,3.940000000000000000e+02,5.400000000000000000e+01,4.320994285945197078e+01
2.910978722572326660e+01,3.521374596052584138e+02,6.181883716949450047e+01,3.940000000000000000e+02,5.400000000000000000e+01,4.258645915058494325e+01
2.911979317665100098e+01,3.527662077560978560e+02,6.178936370046501025e+01,3.950000000000000000e+02,5.400000000000000000e+01,4.294609870709108890e+01
2.912980031967163086e+01,3.533950607657049545e+02,6.176971144417552040e+01,3.950000000000000000e+02,5.400000000000000000e+01,4.232421747197619766e+01
2.913980913162231445e+01,3.540238238963683557e+02,6.175006199668874274e+01,3.960000000000000000e+02,5.400000000000000000e+01,4.268562780650667321e+01
2.914981651306152344e+01,3.546525570673838388e+02,6.173041348546953344e+01,3.970000000000000000e+02,5.400000000000000000e+01,4.304724399526074308e+01
2.915982341766357422e+01,3.553430670323874097e+02,6.171962393799549318e+01,3.970000000000000000e+02,5.300000000000000000e+01,4.255974513420201788e+01
2.917081356048583984e+01,3.559718002034028927e+02,6.170979968238588498e+01,3.980000000000000000e+02,5.300000000000000000e+01,4.292120907721466239e+01
2.918082046508789062e+01,3.566005633340662939e+02,6.169997495864249260e+01,3.990000000000000000e+02,5.300000000000000000e+01,4.328281176020718846e+01
2.919082784652709961e+01,3.572303151331107074e+02,6.169013478648420090e+01,3.990000000000000000e+02,5.300000000000000000e+01,4.266409516779305733e+01
2.920085096359252930e+01,3.578591831225417650e+02,6.168030842427256033e+01,4.000000000000000000e+02,5.300000000000000000e+01,4.302552964740777952e+01
2.921086001396179199e+01,3.584878114347895917e+02,6.168030842427256033e+01,4.010000000000000000e+02,5.300000000000000000e+01,4.338932968996529382e+01
2.922086524963378906e+01,3.591166344847488290e+02,6.168030842427256033e+01,4.010000000000000000e+02,5.300000000000000000e+01,4.277340366658501125e+01
2.923087358474731445e+01,3.597455174540038456e+02,6.168030842427256033e+01,4.020000000000000000e+02,5.300000000000000000e+01,4.313686416014023450e+01
2.924088287353515625e+01,3.603740558873079181e+02,6.168030842427256033e+01,4.020000000000000000e+02,5.300000000000000000e+01,4.252137083412836205e+01
2.925088667869567871e+01,3.610028190179713192e+02,6.168030842427256033e+01,4.030000000000000000e+02,5.300000000000000000e+01,4.288485705674870019e+01
2.926089406013488770e+01,3.616317469266982130e+02,6.168030842427256033e+01,4.040000000000000000e+02,5.300000000000000000e+01,4.324831352577628252e+01
2.927090406417846680e+01,3.622603902187699987e+02,6.169030394278720308e+01,4.040000000000000000e+02,5.300000000000000000e+01,4.263468549558415788e+01
2.928090953826904297e+01,3.629509001837735696e+02,6.170128315027543664e+01,4.050000000000000000e+02,5.300000000000000000e+01,4.293994787859250550e+01
2.929189968109130859e+01,3.635796633144369707e+02,6.171626969176681854e+01,4.060000000000000000e+02,5.200000000000000000e+01,4.351885638708433390e+01
2.930190706253051758e+01,3.642094900126011225e+02,6.173128158334267823e+01,4.060000000000000000e+02,5.200000000000000000e+01,4.290856052422628153e+01
2.931193137168884277e+01,3.648382231836166056e+02,6.174626741074717273e+01,4.070000000000000000e+02,5.200000000000000000e+01,4.327360803950043078e+01
2.932193827629089355e+01,3.654669863142800068e+02,6.176624306976449219e+01,4.070000000000000000e+02,5.200000000000000000e+01,4.266580281110302764e+01
2.933194565773010254e+01,3.660956595659996538e+02,6.178621587334858845e+01,4.080000000000000000e+02,5.200000000000000000e+01,4.303189245580974642e+01
2.934195160865783691e+01,3.667244975957828501e+02,6.180619391189359391e+01,4.090000000000000000e+02,5.200000000000000000e+01,4.339792094751347662e+01
2.935196018218994141e+01,3.673531858273264561e+02,6.183614423781417457e+01,4.090000000000000000e+02,5.200000000000000000e+01,4.279260291452585818e+01
2.936196637153625488e+01,3.679819189983419392e+02,6.186609670462392785e+01,4.100000000000000000e+02,5.200000000000000000e+01,4.316085026093541899e+01
2.937197327613830566e+01,3.686106222097095042e+02,6.187110453378640784e+01,4.110000000000000000e+02,5.200000000000000000e+01,4.352353448612499420e+01
2.938197970390319824e+01,3.692394302798447825e+02,6.187110453378640784e+01,4.110000000000000000e+02,5.200000000000000000e+01,4.291134917558388651e+01
2.939198780059814453e+01,3.698681634508602656e+02,6.187110453378640784e+01,4.120000000000000000e+02,5.200000000000000000e+01,4.327274379699495199e+01
2.940199470520019531e+01,3.704971662587069545e+02,6.187110453378640784e+01,4.120000000000000000e+02,5.200000000000000000e+01,4.266056625590372420e+01
2.941200590133666992e+01,3.711255998332433705e+02,6.187110453378640784e+01,4.130000000000000000e+02,5.200000000000000000e+01,4.302213493124912702e+01
2.942200803756713867e+01,3.717543779437307307e+02,6.187110453378640784e+01,4.140000000000000000e+02,5.200000000000000000e+01,4.338353705771445590e+01
2.943201565742492676e+01,3.723832009936899681e+02,6.187110453378640784e+01,4.140000000000000000e+02,5.200000000000000000e+01,4.277144683370608647e+01
2.944202399253845215e+01,3.730118442857617538e+02,6.187110453378640784e+01,4.150000000000000000e+02,5.200000000000000000e+01,4.313286363087960495e+01
2.945202946662902832e+01,3.737024591095330379e+02,6.187110453378640784e+01,4.160000000000000000e+02,5.100000000000000000e+01,4.367222090946642510e+01
2.946302127838134766e+01,3.743312072603724801e+02,6.185145555443341436e+01,4.160000000000000000e+02,5.100000000000000000e+01,4.305859236003748691e+01
2.947302842140197754e+01,3.749610639181845499e+02,6.183177193318033460e+01,4.170000000000000000e+02,5.100000000000000000e+01,4.341197334956564902e+01
2.948305320739746094e+01,3.755898120690239921e+02,6.180721070898908920e+01,4.180000000000000000e+02,5.100000000000000000e+01,4.376550974967835828e+01
2.949306035041809082e+01,3.762184553610957778e+02,6.177774215536433644e+01,4.180000000000000000e+02,5.100000000000000000e+01,4.314924331179243211e+01
2.950306582450866699e+01,3.768472933908789742e+02,6.174826447313078148e+01,4.190000000000000000e+02,5.100000000000000000e+01,4.350144668466786158e+01
2.951307439804077148e+01,3.774760265618944572e+02,6.171879170630196398e+01,4.190000000000000000e+02,5.100000000000000000e+01,4.288511240199310492e+01
2.952308130264282227e+01,3.781047597329099403e+02,6.168931893947314649e+01,4.200000000000000000e+02,5.100000000000000000e+01,4.323739927917709025e+01
2.953308820724487305e+01,3.787335378433973005e+02,6.165984406604229662e+01,4.210000000000000000e+02,5.100000000000000000e+01,4.358997704458979427e+01
2.954309582710266113e+01,3.793621961152930453e+02,6.163037481021687114e+01,4.210000000000000000e+02,5.100000000000000000e+01,4.297338223769466481e+01
2.955310153961181641e+01,3.799910641047241029e+02,6.160089572358195653e+01,4.220000000000000000e+02,5.100000000000000000e+01,4.332585469665495026e+01
2.956311058998107910e+01,3.806197523362677089e+02,6.156651328665071077e+01,4.230000000000000000e+02,5.100000000000000000e+01,4.367764411087498644e+01
2.957311677932739258e+01,3.812485004871071510e+02,6.153212757278296863e+01,4.230000000000000000e+02,5.100000000000000000e+01,4.305941735305376028e+01
2.958312392234802246e+01,3.818772636177705522e+02,6.149774103968110239e+01,4.240000000000000000e+02,5.100000000000000000e+01,4.341114473568972443e+01
2.959313130378723145e+01,3.825059218896662969e+02,6.146336024121810482e+01,4.240000000000000000e+02,5.100000000000000000e+01,4.279299505484488009e+01
2.960313701629638672e+01,3.831347599194494933e+02,6.142896961194562522e+01,4.250000000000000000e+02,5.100000000000000000e+01,4.314466055225162933e+01
2.961314558982849121e+01,3.837634181913452380e+02,6.139458881348262764e+01,4.260000000000000000e+02,5.100000000000000000e+01,4.349685413315041416e+01
2.962315130233764648e+01,3.843921663421846802e+02,6.136020309961488550e+01,4.260000000000000000e+02,5.100000000000000000e+01,4.287826523964908887e+01
2.963315844535827637e+01,3.850209294728480813e+02,6.132581656651301927e+01,4.270000000000000000e+02,5.100000000000000000e+01,4.323036953449356190e+01
2.964316582679748535e+01,3.856497525228073187e+02,6.128651392646918339e+01,4.280000000000000000e+02,5.100000000000000000e+01,4.358159967393245893e+01
2.965317416191101074e+01,3.862784856938228017e+02,6.124721690403076479e+01,4.280000000000000000e+02,5.100000000000000000e+01,4.296149683471006142e+01
2.966318106651306152e+01,3.869072638043101620e+02,6.120791707278963401e+01,4.290000000000000000e+02,5.100000000000000000e+01,4.331281578707262270e+01
2.967318868637084961e+01,3.875359819955016860e+02,6.116370897584742750e+01,4.290000000000000000e+02,5.100000000000000000e+01,4.269151870363810275e+01
2.968319535255432129e+01,3.881646552472213330e+02,6.111950403880826599e+01,4.300000000000000000e+02,5.000000000000000000e+01,4.328786712986583751e+01
2.969320130348205566e+01,3.887934633173566112e+02,6.107528962205996237e+01,4.310000000000000000e+02,5.000000000000000000e+01,4.363546469279124551e+01
2.970320940017700195e+01,3.894222713874918895e+02,6.103107520531165875e+01,4.310000000000000000e+02,5.000000000000000000e+01,4.301618459092597391e+01
2.971321749687194824e+01,3.900508847199157572e+02,6.098687448147656198e+01,4.320000000000000000e+02,5.000000000000000000e+01,4.336403675459099105e+01
2.972322249412536621e+01,3.906796778102270764e+02,6.094266111802927810e+01,4.330000000000000000e+02,5.000000000000000000e+01,4.371214365128088986e+01
2.973323035240173340e+01,3.913083960014186005e+02,6.089845302108707159e+01,4.330000000000000000e+02,5.000000000000000000e+01,4.309252977288952735e+01
2.974323701858520508e+01,3.919371291724340836e+02,6.085424387084384534e+01,4.340000000000000000e+02,5.000000000000000000e+01,4.344076095401928939e+01
2.975324392318725586e+01,3.926287776040582003e+02,6.080561085633345186e+01,4.340000000000000000e+02,5.000000000000000000e+01,4.275908404670272489e+01
2.976425218582153320e+01,3.932575706943695195e+02,6.076139749288616798e+01,4.350000000000000000e+02,5.000000000000000000e+01,4.310728569900284413e+01
2.977426004409790039e+01,3.938862589259131255e+02,6.071719150254599384e+01,4.360000000000000000e+02,5.000000000000000000e+01,4.345601662552005706e+01
2.978426623344421387e+01,3.945150819758723628e+02,6.067297603249667759e+01,4.360000000000000000e+02,5.000000000000000000e+01,4.283585928703705292e+01
2.979427456855773926e+01,3.951442046223106672e+02,6.062873949642703764e+01,4.370000000000000000e+02,5.000000000000000000e+01,4.318422987598491147e+01
2.980428767204284668e+01,3.958354186390400855e+02,6.058013702764610997e+01,4.380000000000000000e+02,5.000000000000000000e+01,4.347172898411997011e+01
2.981528902053833008e+01,3.965259735435155335e+02,6.053158090410988734e+01,4.380000000000000000e+02,5.000000000000000000e+01,4.279029173601163194e+01
2.982627987861633301e+01,3.971547216943549756e+02,6.048737070056564846e+01,4.390000000000000000e+02,5.000000000000000000e+01,4.313945132576409236e+01
2.983628702163696289e+01,3.977834698451944178e+02,6.044316049702140958e+01,4.400000000000000000e+02,5.000000000000000000e+01,4.348902182710203590e+01
2.984629416465759277e+01,3.984132965433585696e+02,6.039887445580401959e+01,4.400000000000000000e+02,5.000000000000000000e+01,4.286712603310613190e+01
2.985631847381591797e+01,3.990421795126135862e+02,6.035465477255063860e+01,4.410000000000000000e+02,5.000000000000000000e+01,4.321663540247492108e+01
2.986632776260375977e+01,3.997325546592015826e+02,6.031689872949861808e+01,4.420000000000000000e+02,5.000000000000000000e+01,4.350833638548033377e+01
2.987731575965881348e+01,4.003613177898649838e+02,6.028251219639675185e+01,4.420000000000000000e+02,5.000000000000000000e+01,4.288950819566088057e+01
2.988732314109802246e+01,4.009900659407044259e+02,6.024812648252900971e+01,4.430000000000000000e+02,5.000000000000000000e+01,4.324186231036163974e+01
2.989733028411865234e+01,4.016188140915438680e+02,6.021374076866126757e+01,4.440000000000000000e+02,5.000000000000000000e+01,4.359455722331096439e+01
2.990733742713928223e+01,4.022475622423833101e+02,6.017935505479352543e+01,4.440000000000000000e+02,5.000000000000000000e+01,4.297540375651177413e+01
2.991734457015991211e+01,4.028762954133987932e+02,6.014497016015990738e+01,4.450000000000000000e+02,5.000000000000000000e+01,4.332813067338334179e+01
2.992735147476196289e+01,4.035050435642382354e+02,6.011058444629216524e+01,4.450000000000000000e+02,5.000000000000000000e+01,4.270896073953768735e+01
2.993735861778259277e+01,4.041337917150776775e+02,6.007619873242442310e+01,4.460000000000000000e+02,5.000000000000000000e+01,4.306169036454340215e+01
2.994736576080322266e+01,4.047636633527137064e+02,6.004667259834413073e+01,4.470000000000000000e+02,5.000000000000000000e+01,4.341478738495926137e+01
2.995739078521728516e+01,4.053923965237291895e+02,6.001719983151531324e+01,4.470000000000000000e+02,5.000000000000000000e+01,4.279645966085387698e+01
2.996739768981933594e+01,4.060211296947446726e+02,5.998772706468649574e+01,4.480000000000000000e+02,5.000000000000000000e+01,4.315066910285538881e+01
2.997740459442138672e+01,4.066499078052320328e+02,5.995825219125564587e+01,4.490000000000000000e+02,5.000000000000000000e+01,4.350513872647683655e+01
2.998741221427917480e+01,4.072785510973038186e+02,5.992878363763089311e+01,4.490000000000000000e+02,5.000000000000000000e+01,4.288659514420765362e+01
2.999741768836975098e+01,4.079072992481432607e+02,5.989931016860140289e+01,4.500000000000000000e+02,5.000000000000000000e+01,4.324108923696923057e+01
3.000742483139038086e+01,4.085361672375743183e+02,5.986983108196648828e+01,4.500000000000000000e+02,5.000000000000000000e+01,4.262232974553311493e+01
3.001743388175964355e+01,4.091647805699981859e+02,5.984036393274308807e+01,4.510000000000000000e+02,5.000000000000000000e+01,4.297695134703289455e+01
3.002743887901306152e+01,4.097935437006615871e+02,5.981088976151291803e+01,4.520000000000000000e+02,5.000000000000000000e+01,4.333172638218470496e+01
3.003744626045227051e+01,4.104224116900926447e+02,5.978141067487800342e+01,4.520000000000000000e+02,5.000000000000000000e+01,4.271266608933188991e+01
3.004745531082153320e+01,4.110510549821644304e+02,5.975194212125325066e+01,4.530000000000000000e+02,5.000000000000000000e+01,4.306755580765717184e+01
3.005746078491210938e+01,4.116798780321236677e+02,5.972246514122036842e+01,4.540000000000000000e+02,5.000000000000000000e+01,4.342256385565198684e+01
3.006746912002563477e+01,4.123085213241954534e+02,5.969299658759561567e+01,4.540000000000000000e+02,5.000000000000000000e+01,4.280342950070946273e+01
3.007747459411621094e+01,4.129372844548588546e+02,5.966352241636544562e+01,4.550000000000000000e+02,5.000000000000000000e+01,4.315849516054812085e+01
3.008748197555541992e+01,4.135660326056982967e+02,5.963404894733595540e+01,4.550000000000000000e+02,5.000000000000000000e+01,4.253925896335903190e+01
3.009748911857604980e+01,4.142566174698216628e+02,5.959628143500620467e+01,4.560000000000000000e+02,5.000000000000000000e+01,4.283221454046758225e+01
3.010848045349121094e+01,4.148853656206611049e+02,5.956189572113846253e+01,4.570000000000000000e+02,5.000000000000000000e+01,4.318648259221072294e+01
3.011848759651184082e+01,4.155141287513245061e+02,5.952750918803659630e+01,4.570000000000000000e+02,5.000000000000000000e+01,4.256584246305718011e+01
3.012849497795104980e+01,4.161439404696646989e+02,5.949306530854608610e+01,4.580000000000000000e+02,5.000000000000000000e+01,4.291908676054621452e+01
3.013851904869079590e+01,4.168354990223450613e+02,5.945524454599830477e+01,4.590000000000000000e+02,5.000000000000000000e+01,4.321165111540283021e+01
3.014952588081359863e+01,4.174642471731845035e+02,5.942085883213056263e+01,4.590000000000000000e+02,5.000000000000000000e+01,4.259074246858398993e+01
3.015953302383422852e+01,4.181559705039284154e+02,5.938302905800741627e+01,4.600000000000000000e+02,5.000000000000000000e+01,4.288314399354973006e+01
3.017054247856140137e+01,4.187846587354720214e+02,5.934864662107617050e+01,4.610000000000000000e+02,5.000000000000000000e+01,4.323808774363544671e+01
3.018054866790771484e+01,4.194133619468395864e+02,5.931426336491080065e+01,4.610000000000000000e+02,5.000000000000000000e+01,4.261694459479103614e+01
3.019055509567260742e+01,4.200421100976790285e+02,5.927987765104305851e+01,4.620000000000000000e+02,5.000000000000000000e+01,4.297185886453618053e+01
3.020056223869323730e+01,4.206710230265819632e+02,5.924548292559995843e+01,4.630000000000000000e+02,5.000000000000000000e+01,4.332691133860934229e+01
3.021057200431823730e+01,4.212996213791818718e+02,5.921110540407345013e+01,4.630000000000000000e+02,5.000000000000000000e+01,4.270557387372913638e+01
3.022057676315307617e+01,4.219283395703733959e+02,5.917672132867395618e+01,4.640000000000000000e+02,5.000000000000000000e+01,4.306085026622150025e+01
3.023058342933654785e+01,4.225570727413888790e+02,5.914233643404033813e+01,4.640000000000000000e+02,5.000000000000000000e+01,4.243935125842187261e+01
3.024059033393859863e+01,4.231858358720522801e+02,5.910794990093847190e+01,4.650000000000000000e+02,5.000000000000000000e+01,4.279461500138720709e+01
3.025059771537780762e+01,4.238146888816593787e+02,5.907355845243186820e+01,4.660000000000000000e+02,5.000000000000000000e+01,4.315008617767629318e+01
3.026060652732849121e+01,4.244433920930269437e+02,5.903917519626649835e+01,4.660000000000000000e+02,5.000000000000000000e+01,4.252832407893232869e+01
3.027061295509338379e+01,4.250721702035143039e+02,5.900478784393050802e+01,4.670000000000000000e+02,5.000000000000000000e+01,4.288390275566430176e+01
3.028062057495117188e+01,4.257009033745297870e+02,5.897040294929688997e+01,4.680000000000000000e+02,5.000000000000000000e+01,4.323981619299068768e+01
3.029062747955322266e+01,4.263296215657213111e+02,5.893601887389739602e+01,4.680000000000000000e+02,5.000000000000000000e+01,4.261775301644431835e+01
3.030063414573669434e+01,4.269583247770888761e+02,5.890163561773202616e+01,4.690000000000000000e+02,5.000000000000000000e+01,4.297373118801315428e+01
3.031064057350158691e+01,4.275870579481043592e+02,5.886725072309840812e+01,4.700000000000000000e+02,5.000000000000000000e+01,4.332996409972834329e+01
3.032064747810363770e+01,4.282159109577114577e+02,5.883285927459180442e+01,4.700000000000000000e+02,5.100000000000000000e+01,4.251192516823316225e+01
3.033065629005432129e+01,4.288446591085508999e+02,5.879847356072406228e+01,4.710000000000000000e+02,5.100000000000000000e+01,4.287060712832969500e+01
3.034066343307495117e+01,4.294733173804466446e+02,5.876409276226106471e+01,4.710000000000000000e+02,5.100000000000000000e+01,4.224626025823006614e+01
3.035066914558410645e+01,4.301020505514621277e+02,5.872970786762744666e+01,4.720000000000000000e+02,5.100000000000000000e+01,4.260500618132917339e+01
3.036067605018615723e+01,4.307308436417734470e+02,5.869531969605733224e+01,4.730000000000000000e+02,5.100000000000000000e+01,4.296393283279281405e+01
3.037068390846252441e+01,4.313596367320847662e+02,5.866093152448721781e+01,4.730000000000000000e+02,5.100000000000000000e+01,4.233922206308030667e+01
3.038069176673889160e+01,4.319883848829242083e+02,5.862654581061947567e+01,4.740000000000000000e+02,5.100000000000000000e+01,4.269824359088777044e+01
3.039069890975952148e+01,4.326171480135876095e+02,5.859215927751760944e+01,4.750000000000000000e+02,5.100000000000000000e+01,4.305748512160617736e+01
3.040070629119873047e+01,4.332457763258354362e+02,5.855778011752285295e+01,4.750000000000000000e+02,5.100000000000000000e+01,4.243271420657637094e+01
3.041071152687072754e+01,4.338745694161467554e+02,5.852339194595273852e+01,4.760000000000000000e+02,5.100000000000000000e+01,4.279197738183484034e+01
3.042071938514709473e+01,4.345033325468101566e+02,5.848900541285087229e+01,4.760000000000000000e+02,5.100000000000000000e+01,4.216703228583124741e+01
3.043072676658630371e+01,4.351320357581777216e+02,5.845462215668550243e+01,4.770000000000000000e+02,5.100000000000000000e+01,4.252643673355969867e+01
3.044073319435119629e+01,4.357607689291932047e+02,5.842023726205188439e+01,4.780000000000000000e+02,5.100000000000000000e+01,4.288604158089381713e+01
3.045074009895324707e+01,4.363896069589764011e+02,5.838584663277940479e+01,4.780000000000000000e+02,5.100000000000000000e+01,4.226080381998671953e+01
3.046074867248535156e+01,4.370183101703439661e+02,5.835146337661403493e+01,4.790000000000000000e+02,5.100000000000000000e+01,4.262049148861545689e+01
3.047075510025024414e+01,4.376471032606552853e+02,5.831707520504392050e+01,4.800000000000000000e+02,5.100000000000000000e+01,4.298031470068436732e+01
3.048076295852661133e+01,4.382757615325510301e+02,5.828269440658092293e+01,4.800000000000000000e+02,5.100000000000000000e+01,4.235504354274934968e+01
3.049076867103576660e+01,4.389047343807498009e+02,5.824829640420132648e+01,4.810000000000000000e+02,5.100000000000000000e+01,4.271474204906762395e+01
3.050077939033508301e+01,4.395333327333497095e+02,5.821391888267481818e+01,4.810000000000000000e+02,5.100000000000000000e+01,4.208948942252565217e+01
3.051078414916992188e+01,4.401622157026047262e+02,5.817952579569996630e+01,4.820000000000000000e+02,5.100000000000000000e+01,4.244933198021490739e+01
3.052079343795776367e+01,4.407909488736202093e+02,5.814514090106634825e+01,4.830000000000000000e+02,5.100000000000000000e+01,4.280954374301873600e+01
3.053080034255981445e+01,4.414196820446356924e+02,5.811075600643273020e+01,4.830000000000000000e+02,5.100000000000000000e+01,4.218395064775477721e+01
3.054080724716186523e+01,4.420483852560032574e+02,5.807637275026736035e+01,4.840000000000000000e+02,5.100000000000000000e+01,4.254424791824919794e+01
3.055081367492675781e+01,4.426769686287792069e+02,5.804199604797497614e+01,4.850000000000000000e+02,5.100000000000000000e+01,4.290487959182538447e+01
3.056081819534301758e+01,4.433058216383863055e+02,5.800760459946837244e+01,4.850000000000000000e+02,5.200000000000000000e+01,4.212476495214672667e+01
3.057082700729370117e+01,4.439345997488736657e+02,5.797321724713238211e+01,4.860000000000000000e+02,5.200000000000000000e+01,4.248737721451983163e+01
3.058083462715148926e+01,4.445632879804172717e+02,5.793883481020113635e+01,4.860000000000000000e+02,5.200000000000000000e+01,4.186013451837784061e+01
3.059084081649780273e+01,4.451920660909046319e+02,5.790444745786514602e+01,4.870000000000000000e+02,5.200000000000000000e+01,4.222281181458639310e+01
3.060084843635559082e+01,4.458825760559082028e+02,5.786668404170600866e+01,4.880000000000000000e+02,5.200000000000000000e+01,4.252405650136831383e+01
3.061183857917785645e+01,4.465113092269236859e+02,5.783229914707239061e+01,4.880000000000000000e+02,5.200000000000000000e+01,4.189662486889474025e+01
3.062184548377990723e+01,4.471400573777631280e+02,5.779791343320464847e+01,4.890000000000000000e+02,5.200000000000000000e+01,4.225956219030076966e+01
3.063185262680053711e+01,4.477698990557512388e+02,5.776346791524589008e+01,4.900000000000000000e+02,5.200000000000000000e+01,4.262157890284578343e+01
3.064187717437744141e+01,4.483986771662385991e+02,5.772908056290989975e+01,4.900000000000000000e+02,5.200000000000000000e+01,4.199395701306498552e+01
3.065188479423522949e+01,4.490273953574301231e+02,5.769469648751040580e+01,4.910000000000000000e+02,5.200000000000000000e+01,4.235716124300991936e+01
3.066189146041870117e+01,4.496560686091497701e+02,5.766031486981328413e+01,4.920000000000000000e+02,5.200000000000000000e+01,4.272057689285645665e+01
3.067189741134643555e+01,4.502849365985808276e+02,5.762592260207255634e+01,4.920000000000000000e+02,5.200000000000000000e+01,4.209272525875382343e+01
3.068190646171569824e+01,4.509136697695963107e+02,5.759153770743893830e+01,4.930000000000000000e+02,5.200000000000000000e+01,4.245614780212994077e+01
3.069191336631774902e+01,4.515423430213159577e+02,5.756206774941283300e+01,4.930000000000000000e+02,5.200000000000000000e+01,4.182910374142969800e+01
3.070191931724548340e+01,4.521711660712751950e+02,5.753259076937995076e+01,4.940000000000000000e+02,5.200000000000000000e+01,4.219313816793280125e+01
3.071192765235900879e+01,4.527998243431709398e+02,5.750312151355452528e+01,4.950000000000000000e+02,5.200000000000000000e+01,4.255748079785943361e+01
3.072193336486816406e+01,4.534286324133062180e+02,5.747364523572232287e+01,4.950000000000000000e+02,5.300000000000000000e+01,4.181138726140422079e+01
3.073194146156311035e+01,4.540572906852019628e+02,5.744417597989689739e+01,4.960000000000000000e+02,5.300000000000000000e+01,4.217750069416084813e+01
3.074194717407226562e+01,4.546861586746330204e+02,5.741469689326198278e+01,4.970000000000000000e+02,5.300000000000000000e+01,4.254351556192449380e+01
3.075195622444152832e+01,4.553148918456485035e+02,5.738522412643316528e+01,4.970000000000000000e+02,5.300000000000000000e+01,4.191513369272527001e+01
3.076196312904357910e+01,4.559435950570160685e+02,5.735575276400570743e+01,4.980000000000000000e+02,5.300000000000000000e+01,4.228136443954223722e+01
3.077196955680847168e+01,4.565724031271513468e+02,5.732627648617350502e+01,4.980000000000000000e+02,5.300000000000000000e+01,4.165288046334943317e+01
3.078197765350341797e+01,4.572011063385189118e+02,5.729680512374604717e+01,4.990000000000000000e+02,5.300000000000000000e+01,4.201916283786784589e+01
3.079198408126831055e+01,4.578298395095343949e+02,5.726733235691722967e+01,5.000000000000000000e+02,5.300000000000000000e+01,4.238552301477497508e+01
3.080199098587036133e+01,4.584586475796696732e+02,5.723785607908502726e+01,5.000000000000000000e+02,5.300000000000000000e+01,4.175695612777735022e+01
3.081199908256530762e+01,4.590873507910372382e+02,5.720838471665756941e+01,5.010000000000000000e+02,5.300000000000000000e+01,4.212339807799180846e+01
3.082200551033020020e+01,4.597160090629329829e+02,5.717891546083214394e+01,5.020000000000000000e+02,5.300000000000000000e+01,4.248998969162910555e+01
3.083201122283935547e+01,4.603448770523640405e+02,5.714943637419722933e+01,5.020000000000000000e+02,5.300000000000000000e+01,4.186128390298342339e+01
3.084202027320861816e+01,4.609735503040836875e+02,5.711996641617112402e+01,5.030000000000000000e+02,5.300000000000000000e+01,4.222791253796192734e+01
3.085202622413635254e+01,4.616023134347470886e+02,5.709049224494095398e+01,5.030000000000000000e+02,5.400000000000000000e+01,4.151288468982806990e+01
3.086203360557556152e+01,4.622310615855865308e+02,5.706101877591146376e+01,5.040000000000000000e+02,5.400000000000000000e+01,4.188095094686303099e+01
3.087204074859619141e+01,4.628598396960738910e+02,5.703154390248061389e+01,5.050000000000000000e+02,5.400000000000000000e+01,4.224906352658313580e+01
3.088204836845397949e+01,4.634885878469133331e+02,5.700207043345112368e+01,5.050000000000000000e+02,5.400000000000000000e+01,4.161982419269491373e+01
3.089205551147460938e+01,4.641172311389851188e+02,5.697260187982637092e+01,5.060000000000000000e+02,5.400000000000000000e+01,4.198812557618099817e+01
3.090206098556518555e+01,4.647460541889443562e+02,5.694312489979348868e+01,5.060000000000000000e+02,5.400000000000000000e+01,4.135879627306989192e+01
3.091206932067871094e+01,4.653747424204879621e+02,5.691365423956670355e+01,5.070000000000000000e+02,5.400000000000000000e+01,4.172710689214469681e+01
3.092207551002502441e+01,4.660035954300950607e+02,5.688417585513246877e+01,5.080000000000000000e+02,5.400000000000000000e+01,4.209532595386881582e+01
3.093208432197570801e+01,4.666322237423428874e+02,5.685470800370839584e+01,5.080000000000000000e+02,5.400000000000000000e+01,4.146615813274743800e+01
3.094208955764770508e+01,4.672609718931823295e+02,5.682523453467890562e+01,5.090000000000000000e+02,5.400000000000000000e+01,4.183453618097919957e+01
3.095209670066833496e+01,4.678897200440217716e+02,5.679576106564941540e+01,5.100000000000000000e+02,5.400000000000000000e+01,4.220298517767508883e+01
3.096210384368896484e+01,4.685184681948612138e+02,5.676628759661992518e+01,5.100000000000000000e+02,5.500000000000000000e+01,4.151911912329925514e+01
3.097211098670959473e+01,4.692100866668374124e+02,5.673386699134768918e+01,5.110000000000000000e+02,5.500000000000000000e+01,4.182586700998468388e+01
3.098311877250671387e+01,4.698389246966206088e+02,5.670438930911413422e+01,5.120000000000000000e+02,5.500000000000000000e+01,4.219551177144614229e+01
3.099312734603881836e+01,4.704680773027068312e+02,5.667489688066635267e+01,5.120000000000000000e+02,5.500000000000000000e+01,4.156568154733904663e+01
3.100314092636108398e+01,4.710964359781234521e+02,5.664544166885447396e+01,5.130000000000000000e+02,5.500000000000000000e+01,4.193585764022370910e+01
3.101314187049865723e+01,4.717251242096670580e+02,5.661597100862768883e+01,5.130000000000000000e+02,5.500000000000000000e+01,4.130649747688779172e+01
3.102314805984497070e+01,4.724166977421713796e+02,5.658355250995748520e+01,5.140000000000000000e+02,5.500000000000000000e+01,4.161344332325465700e+01
3.103415513038635254e+01,4.730455058123066578e+02,5.655407623212528279e+01,5.150000000000000000e+02,5.500000000000000000e+01,4.198326732735853994e+01
3.104416322708129883e+01,4.736742090236742229e+02,5.652460486969782494e+01,5.150000000000000000e+02,5.500000000000000000e+01,4.135390452941143025e+01
3.105416965484619141e+01,4.743030021139855421e+02,5.649512929406630235e+01,5.160000000000000000e+02,5.500000000000000000e+01,4.172379470173188309e+01
3.106417751312255859e+01,4.749317203051770662e+02,5.646565722943816468e+01,5.170000000000000000e+02,5.600000000000000000e+01,4.207085681486864814e+01
3.107418417930603027e+01,4.755605583349602625e+02,5.643617954720460972e+01,5.170000000000000000e+02,5.600000000000000000e+01,4.144173715118166967e+01
3.108419275283813477e+01,4.761891716673841302e+02,5.640671239798120951e+01,5.180000000000000000e+02,5.600000000000000000e+01,4.181280642140809078e+01
3.109419775009155273e+01,4.768179797375194084e+02,5.637723612014900709e+01,5.180000000000000000e+02,5.600000000000000000e+01,4.118374800803961477e+01
3.110420584678649902e+01,4.774467878076546867e+02,5.634775984231680468e+01,5.190000000000000000e+02,5.600000000000000000e+01,4.155466737214970863e+01
3.111421394348144531e+01,4.780754460795504315e+02,5.631829058649137920e+01,5.200000000000000000e+02,5.600000000000000000e+01,4.192576213172674215e+01
3.112421965599060059e+01,4.787042990891575300e+02,5.628881220205714442e+01,5.200000000000000000e+02,5.600000000000000000e+01,4.129671084003921777e+01
3.113422846794128418e+01,4.793329573610532748e+02,5.625934294623171894e+01,5.210000000000000000e+02,5.600000000000000000e+01,4.166784972901247386e+01
3.114423418045043945e+01,4.799619302092520456e+02,5.622985894419206687e+01,5.220000000000000000e+02,5.600000000000000000e+01,4.203869820612932529e+01
3.115424489974975586e+01,4.805904836223800771e+02,5.620039460377137885e+01,5.220000000000000000e+02,5.700000000000000000e+01,4.141723572883697813e+01
3.116424894332885742e+01,4.812191868337476421e+02,5.617092324134392101e+01,5.230000000000000000e+02,5.700000000000000000e+01,4.178903824096732933e+01
3.117425537109375000e+01,4.818479649442350023e+02,5.614144836791307114e+01,5.230000000000000000e+02,5.700000000000000000e+01,4.116099002861653844e+01
3.118426299095153809e+01,4.824767879941942397e+02,5.611197138788018890e+01,5.240000000000000000e+02,5.700000000000000000e+01,4.153270675136686663e+01
3.119427132606506348e+01,4.831055061853857637e+02,5.608249932325205123e+01,5.250000000000000000e+02,5.700000000000000000e+01,4.190453936597541684e+01
3.120427799224853516e+01,4.837342243765772878e+02,5.605302725862391355e+01,5.250000000000000000e+02,5.700000000000000000e+01,4.127663982418599886e+01
3.121428465843200684e+01,4.843628976282969347e+02,5.602355730059780825e+01,5.260000000000000000e+02,5.700000000000000000e+01,4.164855020594230695e+01
3.122429060935974121e+01,4.849916158194884588e+02,5.599408523596967058e+01,5.260000000000000000e+02,5.700000000000000000e+01,4.102071961349439277e+01
3.123429727554321289e+01,4.856204388694476961e+02,5.596460825593678834e+01,5.270000000000000000e+02,5.700000000000000000e+01,4.139251279423356067e+01
3.124430561065673828e+01,4.862491271009913021e+02,5.593513759571000321e+01,5.280000000000000000e+02,5.800000000000000000e+01,4.180190240381206479e+01
3.125431180000305176e+01,4.868779351711265804e+02,5.590566131787780080e+01,5.280000000000000000e+02,5.800000000000000000e+01,4.117536241862968183e+01
3.126431989669799805e+01,4.875684750957780693e+02,5.587329127105432747e+01,5.290000000000000000e+02,5.800000000000000000e+01,4.148607170975502356e+01
3.127531051635742188e+01,4.881972232466175114e+02,5.584381780202483725e+01,5.300000000000000000e+02,5.800000000000000000e+01,4.185834762582011592e+01
3.128531765937805176e+01,4.888259713974569536e+02,5.581434433299534703e+01,5.300000000000000000e+02,5.800000000000000000e+01,4.123199876379681683e+01
3.129532480239868164e+01,4.894547195482963957e+02,5.578487086396585681e+01,5.310000000000000000e+02,5.800000000000000000e+01,4.160429214516229734e+01
3.130533194541931152e+01,4.900834676991358378e+02,5.575539739493636660e+01,5.310000000000000000e+02,5.800000000000000000e+01,4.097805335032789031e+01
3.131533908843994141e+01,4.907122008701513209e+02,5.572592462810754910e+01,5.320000000000000000e+02,5.900000000000000000e+01,4.141741091048022128e+01
3.132534599304199219e+01,4.913409640008147221e+02,5.569645045687737905e+01,5.330000000000000000e+02,5.900000000000000000e+01,4.178981598386478424e+01
3.133535337448120117e+01,4.919697121516541642e+02,5.566697698784788884e+01,5.330000000000000000e+02,5.900000000000000000e+01,4.116544137158803096e+01
3.134536051750183105e+01,4.925984453226696473e+02,5.563750422101907134e+01,5.340000000000000000e+02,5.900000000000000000e+01,4.153787557836388800e+01
3.135536742210388184e+01,4.932272084533330485e+02,5.560803004978890129e+01,5.350000000000000000e+02,5.900000000000000000e+01,4.191028004850868172e+01
3.136537480354309082e+01,4.938559416243485316e+02,5.557855728296008380e+01,5.350000000000000000e+02,5.900000000000000000e+01,4.128607283194904909e+01
3.137538170814514160e+01,4.944846897751879737e+02,5.554908381393059358e+01,5.360000000000000000e+02,5.900000000000000000e+01,4.165849019810556797e+01
3.138538885116577148e+01,4.951134379260274159e+02,5.551961034490110336e+01,5.360000000000000000e+02,5.900000000000000000e+01,4.103442543012065613e+01
3.139539599418640137e+01,4.957421860768668580e+02,5.549013687587161314e+01,5.370000000000000000e+02,6.000000000000000000e+01,4.150356701675473658e+01
3.140540313720703125e+01,4.963709342277063001e+02,5.546066340684212292e+01,5.380000000000000000e+02,6.000000000000000000e+01,4.187582469372916449e+01
3.141541028022766113e+01,4.969996823785457423e+02,5.543118993781263271e+01,5.380000000000000000e+02,6.000000000000000000e+01,4.125409156004379696e+01
3.142541742324829102e+01,4.976284305293851844e+02,5.540171646878314249e+01,5.390000000000000000e+02,6.000000000000000000e+01,4.162632546712919179e+01
3.143542456626892090e+01,4.982571786802246265e+02,5.537224299975365227e+01,5.390000000000000000e+02,6.000000000000000000e+01,4.100480001107762718e+01
3.144543170928955078e+01,4.988859118512401096e+02,5.534277023292483477e+01,5.400000000000000000e+02,6.000000000000000000e+01,4.137702301286704909e+01
3.145543861389160156e+01,4.995156786301084821e+02,5.531324901424928697e+01,5.410000000000000000e+02,6.000000000000000000e+01,4.174822815788561314e+01
3.146546196937561035e+01,5.001444118011239652e+02,5.528377624742046947e+01,5.410000000000000000e+02,6.100000000000000000e+01,4.125353683098811786e+01
3.147546887397766113e+01,5.007732348510832026e+02,5.525429926738758724e+01,5.420000000000000000e+02,6.100000000000000000e+01,4.162522362165377388e+01
3.148547720909118652e+01,5.014019830019226447e+02,5.522482579835809702e+01,5.420000000000000000e+02,6.100000000000000000e+01,4.100672653645360555e+01
3.149548435211181641e+01,5.020306562536422916e+02,5.520026750000300808e+01,5.430000000000000000e+02,6.100000000000000000e+01,4.137782043654233632e+01
3.150549030303955078e+01,5.026595542027212673e+02,5.517570042413944975e+01,5.440000000000000000e+02,6.100000000000000000e+01,4.174871164799112933e+01
3.151549983024597168e+01,5.032881825149690940e+02,5.515114388128605327e+01,5.440000000000000000e+02,6.100000000000000000e+01,4.112980915141579175e+01
3.152550506591796875e+01,5.039170205447522903e+02,5.513149209313034760e+01,5.450000000000000000e+02,6.100000000000000000e+01,4.150000705991864436e+01
3.153551363945007324e+01,5.045456488570001170e+02,5.511184685884763468e+01,5.460000000000000000e+02,6.200000000000000000e+01,4.202273054411270437e+01
3.154551887512207031e+01,5.051744119876635182e+02,5.509219741136085702e+01,5.460000000000000000e+02,6.200000000000000000e+01,4.140587365527554908e+01
3.155552625656127930e+01,5.058031451586790013e+02,5.507254890014164772e+01,5.470000000000000000e+02,6.200000000000000000e+01,4.177523701378368060e+01
3.156553316116333008e+01,5.064319831884621976e+02,5.505289711198594205e+01,5.470000000000000000e+02,6.200000000000000000e+01,4.115854985975413172e+01
3.157554173469543457e+01,5.070606414603579424e+02,5.503325094143565366e+01,5.480000000000000000e+02,6.200000000000000000e+01,4.152790230775412539e+01
3.158554744720458984e+01,5.076894645103171797e+02,5.501359962141373217e+01,5.490000000000000000e+02,6.200000000000000000e+01,4.189713752387213219e+01
3.159555578231811523e+01,5.083181377620368266e+02,5.499395298272965960e+01,5.490000000000000000e+02,6.200000000000000000e+01,4.128072928082565340e+01
3.160556173324584961e+01,5.089469608119960640e+02,5.497430166270773810e+01,5.500000000000000000e+02,6.300000000000000000e+01,4.183017882310572588e+01
3.161557006835937500e+01,5.095757089628355061e+02,5.495465268335474462e+01,5.500000000000000000e+02,6.300000000000000000e+01,4.121711925041375935e+01
3.162557721138000488e+01,5.102044271540270302e+02,5.493500464026931951e+01,5.510000000000000000e+02,6.300000000000000000e+01,4.158512851950279554e+01
3.163558387756347656e+01,5.108331303653945952e+02,5.491535706531767858e+01,5.520000000000000000e+02,6.300000000000000000e+01,4.195321926734473550e+01
3.164559030532836914e+01,5.114619384355298735e+02,5.489570621342954126e+01,5.520000000000000000e+02,6.300000000000000000e+01,4.134022270360689078e+01
3.165559840202331543e+01,5.120906716065453566e+02,5.487605770221033197e+01,5.530000000000000000e+02,6.300000000000000000e+01,4.170817171803782486e+01
3.166560530662536621e+01,5.127194646968566758e+02,5.485640731845597884e+01,5.530000000000000000e+02,6.400000000000000000e+01,4.130528793549030553e+01
3.167561316490173340e+01,5.133481529284002818e+02,5.483676021163812209e+01,5.540000000000000000e+02,6.400000000000000000e+01,4.167178462403246897e+01
3.168561935424804688e+01,5.140386928530517707e+02,5.481518018042247320e+01,5.550000000000000000e+02,6.400000000000000000e+01,4.197844206619316765e+01
3.169660997390747070e+01,5.146674410038912129e+02,5.479553120106947972e+01,5.550000000000000000e+02,6.400000000000000000e+01,4.136952454458572959e+01
3.170661711692810059e+01,5.152972077827595285e+02,5.477585038861911215e+01,5.560000000000000000e+02,6.400000000000000000e+01,4.173490422096341490e+01
3.171664047241210938e+01,5.159261806309582425e+02,5.475619438725934174e+01,5.570000000000000000e+02,6.400000000000000000e+01,4.210114701248417646e+01
3.172665119171142578e+01,5.165547340440863309e+02,5.473655149364554973e+01,5.570000000000000000e+02,6.500000000000000000e+01,4.172718434650460040e+01
3.173665523529052734e+01,5.171835121545736911e+02,5.471690157802498788e+01,5.580000000000000000e+02,6.500000000000000000e+01,4.209189700158284353e+01
3.174666285514831543e+01,5.178123651641808465e+02,5.469724932173549803e+01,5.580000000000000000e+02,6.500000000000000000e+01,4.148725907113682609e+01
3.175667166709899902e+01,5.184409635167806982e+02,5.467760502372035347e+01,5.590000000000000000e+02,6.500000000000000000e+01,4.185196863342795837e+01
3.176667642593383789e+01,5.190697566070920175e+02,5.466777983184317691e+01,5.600000000000000000e+02,6.500000000000000000e+01,4.221421085139403573e+01
3.177668428421020508e+01,5.196985197377554186e+02,5.465795510809978452e+01,5.600000000000000000e+02,6.500000000000000000e+01,4.160729748342433254e+01
3.178669166564941406e+01,5.203272229491229837e+02,5.464813132062396761e+01,5.610000000000000000e+02,6.600000000000000000e+01,4.222723902345672542e+01
3.179669809341430664e+01,5.209560160394343029e+02,5.463830612874679105e+01,5.610000000000000000e+02,6.600000000000000000e+01,4.162461698392089460e+01
3.180670595169067383e+01,5.215847941499216631e+02,5.462848117093651013e+01,5.620000000000000000e+02,6.600000000000000000e+01,4.198452458208799953e+01
3.181671357154846191e+01,5.222135273209371462e+02,5.463847811853925407e+01,5.630000000000000000e+02,6.600000000000000000e+01,4.233934970051916480e+01
3.182672047615051270e+01,5.228422455121286703e+02,5.464847482796064781e+01,5.630000000000000000e+02,6.600000000000000000e+01,4.173131161657386912e+01
3.183672714233398438e+01,5.234709786831441534e+02,5.465847177556339176e+01,5.640000000000000000e+02,6.700000000000000000e+01,4.236643586397988059e+01
3.184673404693603516e+01,5.240997118541596365e+02,5.466846872316613570e+01,5.640000000000000000e+02,6.700000000000000000e+01,4.176241920378441108e+01
3.185674095153808594e+01,5.247285049444709557e+02,5.467846662349427334e+01,5.650000000000000000e+02,6.700000000000000000e+01,4.211429090885711446e+01
3.186674880981445312e+01,5.253572530953103978e+02,5.468846380927836748e+01,5.660000000000000000e+02,6.700000000000000000e+01,4.246653740692905643e+01
3.187675595283508301e+01,5.259858963873821267e+02,5.470843566105138933e+01,5.660000000000000000e+02,6.700000000000000000e+01,4.185941998905182970e+01
3.188676142692565918e+01,5.266147044575174050e+02,5.472841274778532039e+01,5.670000000000000000e+02,6.700000000000000000e+01,4.220857673201481219e+01
3.189676952362060547e+01,5.272434675881808062e+02,5.474838840680263985e+01,5.670000000000000000e+02,6.800000000000000000e+01,4.190688582117493866e+01
3.190677690505981445e+01,5.278722157390202483e+02,5.476836358991442211e+01,5.680000000000000000e+02,6.800000000000000000e+01,4.225299127617400785e+01
3.191678404808044434e+01,5.285009039705638543e+02,5.478833686940405556e+01,5.690000000000000000e+02,6.800000000000000000e+01,4.259958710924131253e+01
3.192679023742675781e+01,5.291297120406991326e+02,5.484824893932081125e+01,5.690000000000000000e+02,6.800000000000000000e+01,4.198343027814244977e+01
3.193679833412170410e+01,5.297584452117146157e+02,5.490815387294031780e+01,5.700000000000000000e+02,6.800000000000000000e+01,4.231759878340430703e+01
3.194680523872375488e+01,5.303872233222019759e+02,5.496806308833816956e+01,5.700000000000000000e+02,6.900000000000000000e+01,4.202460386033349238e+01
3.195681285858154297e+01,5.310158815940976638e+02,5.503294917115171359e+01,5.710000000000000000e+02,6.900000000000000000e+01,4.235337334325153336e+01
3.196681857109069824e+01,5.316447046440569011e+02,5.509785226130223634e+01,5.720000000000000000e+02,6.900000000000000000e+01,4.268277843596855092e+01
3.197682690620422363e+01,5.322734677747203023e+02,5.516274916696658437e+01,5.720000000000000000e+02,6.900000000000000000e+01,4.206740868252369836e+01
3.198683428764343262e+01,5.329021859659118263e+02,5.522764143426630312e+01,5.730000000000000000e+02,6.900000000000000000e+01,4.239708186627302666e+01
3.199684095382690430e+01,5.335927258905633153e+02,5.529891454517579774e+01,5.730000000000000000e+02,7.000000000000000000e+01,4.206013749723510387e+01
3.200783157348632812e+01,5.342214890212267164e+02,5.536381145084014577e+01,5.740000000000000000e+02,7.000000000000000000e+01,4.238570455867101572e+01
3.201783895492553711e+01,5.348502221922421995e+02,5.542870526426140287e+01,5.750000000000000000e+02,7.000000000000000000e+01,4.271214450584381694e+01
3.202784585952758789e+01,5.354799590114625971e+02,5.549370266782607075e+01,5.750000000000000000e+02,7.000000000000000000e+01,4.209829333862731460e+01
3.203786873817443848e+01,5.361706487343536764e+02,5.556499123995099865e+01,5.760000000000000000e+02,7.000000000000000000e+01,4.236445090101999256e+01
3.204886174201965332e+01,5.368039507516753019e+02,5.563035662044300977e+01,5.770000000000000000e+02,7.100000000000000000e+01,4.303426905140256764e+01
3.205894136428833008e+01,5.374326839226907850e+02,5.564534244784750427e+01,5.770000000000000000e+02,7.100000000000000000e+01,4.244217254224347613e+01
3.206894826889038086e+01,5.380614470533541862e+02,5.566032898933888617e+01,5.780000000000000000e+02,7.100000000000000000e+01,4.278309851082957493e+01
3.207895565032958984e+01,5.386901203050738332e+02,5.567531338856960588e+01,5.780000000000000000e+02,7.100000000000000000e+01,4.219138136359276103e+01
3.208896160125732422e+01,5.393188384962653572e+02,5.573521689492966402e+01,5.790000000000000000e+02,7.100000000000000000e+01,4.251597560365177486e+01
3.209896826744079590e+01,5.399477364453443897e+02,5.587997071224445733e+01,5.800000000000000000e+02,7.200000000000000000e+01,4.317451980149508017e+01
3.210897779464721680e+01,5.405764246768879957e+02,5.602467625874862733e+01,5.800000000000000000e+02,7.200000000000000000e+01,4.253738661336490168e+01
3.211898398399353027e+01,5.412051278882555607e+02,5.618437036648544591e+01,5.810000000000000000e+02,7.200000000000000000e+01,4.282249393828667650e+01
3.212899041175842285e+01,5.418338760390950029e+02,5.634407588909773068e+01,5.810000000000000000e+02,7.200000000000000000e+01,4.217929854664853906e+01
3.213899755477905273e+01,5.424625942302865269e+02,5.650377380179303799e+01,5.820000000000000000e+02,7.200000000000000000e+01,4.246574479960251836e+01
3.214900422096252441e+01,5.430914622197176413e+02,5.664852072327774124e+01,5.820000000000000000e+02,7.300000000000000000e+01,4.220480051767496832e+01
3.215901327133178711e+01,5.437200905319654112e+02,5.679321247812173112e+01,5.830000000000000000e+02,7.300000000000000000e+01,4.249201395081554011e+01
3.216901850700378418e+01,5.443489285617486075e+02,5.693795250377634432e+01,5.840000000000000000e+02,7.300000000000000000e+01,4.278079985194596446e+01
3.217902708053588867e+01,5.449776317731161726e+02,5.708266149819555579e+01,5.840000000000000000e+02,7.300000000000000000e+01,4.214388315064878299e+01
3.218903350830078125e+01,5.456063050248358195e+02,5.722736359678467721e+01,5.850000000000000000e+02,7.300000000000000000e+01,4.243393998798967459e+01
3.219903945922851562e+01,5.462350681554992207e+02,5.737208638286406881e+01,5.850000000000000000e+02,7.400000000000000000e+01,4.218065258110316762e+01
3.220904684066772461e+01,5.468639361449303351e+02,5.751683330434877206e+01,5.860000000000000000e+02,7.400000000000000000e+01,4.246558934460601620e+01
3.221905589103698730e+01,5.474925494773541459e+02,5.766152161127771336e+01,5.870000000000000000e+02,7.400000000000000000e+01,4.275259667971122468e+01
3.222906088829040527e+01,5.481213875071373423e+02,5.780626163693232655e+01,5.870000000000000000e+02,7.400000000000000000e+01,4.211631122904362456e+01
3.223906946182250977e+01,5.487501356579767844e+02,5.795098097509666957e+01,5.880000000000000000e+02,7.400000000000000000e+01,4.240427882335619358e+01
3.224907660484313965e+01,5.493787939298724723e+02,5.807073819831433070e+01,5.880000000000000000e+02,7.500000000000000000e+01,4.216867870186673173e+01
3.225908231735229492e+01,5.500076169798317096e+02,5.813065169549053479e+01,5.890000000000000000e+02,7.500000000000000000e+01,4.248506615047650570e+01
3.226909065246582031e+01,5.506363501508471927e+02,5.819055662911004134e+01,5.900000000000000000e+02,7.500000000000000000e+01,4.280250361702997708e+01
3.227909755706787109e+01,5.512650983016866348e+02,5.825046298998899630e+01,5.900000000000000000e+02,7.500000000000000000e+01,4.220118007387623038e+01
3.228910470008850098e+01,5.518937715534062818e+02,5.831036221457070212e+01,5.910000000000000000e+02,7.600000000000000000e+01,4.292109491027533608e+01
3.229911065101623535e+01,5.525225346840696830e+02,5.832035963853614646e+01,5.910000000000000000e+02,7.600000000000000000e+01,4.234483463717059237e+01
3.230911803245544434e+01,5.531512678550851660e+02,5.837026762455290907e+01,5.920000000000000000e+02,7.600000000000000000e+01,4.266182664745177533e+01
3.231912493705749512e+01,5.537800160059246082e+02,5.842017679964776988e+01,5.930000000000000000e+02,7.600000000000000000e+01,4.297973159817511402e+01
3.232913208007812500e+01,5.544088540357078045e+02,5.849007114775623961e+01,5.930000000000000000e+02,7.600000000000000000e+01,4.237775542956403996e+01
3.233914065361022949e+01,5.550375722268993286e+02,5.855995217599561187e+01,5.940000000000000000e+02,7.700000000000000000e+01,4.310575532020817491e+01
3.234914731979370117e+01,5.556663802970346069e+02,5.862984319413681078e+01,5.940000000000000000e+02,7.700000000000000000e+01,4.250798819755621594e+01
3.235915541648864746e+01,5.562950086092823767e+02,5.866976676107267963e+01,5.950000000000000000e+02,7.700000000000000000e+01,4.282608795055884343e+01
3.236916065216064453e+01,5.569238915785374502e+02,5.870970650102506028e+01,5.950000000000000000e+02,7.700000000000000000e+01,4.224126973472289137e+01
3.237916994094848633e+01,5.575525049109612610e+02,5.874962911660701792e+01,5.960000000000000000e+02,7.800000000000000000e+01,4.299751920483137013e+01
3.238917493820190430e+01,5.581815077188078931e+02,5.878957646739070242e+01,5.970000000000000000e+02,7.800000000000000000e+01,4.331184266788011428e+01
3.239918613433837891e+01,5.588100012126401452e+02,5.882949147214136332e+01,5.970000000000000000e+02,7.800000000000000000e+01,4.273153875763483001e+01
3.240918922424316406e+01,5.594387343836556283e+02,5.886942169855462481e+01,5.980000000000000000e+02,7.800000000000000000e+01,4.304590842440190812e+01
3.241919612884521484e+01,5.600674975143190295e+02,5.890935382767570871e+01,5.980000000000000000e+02,7.900000000000000000e+01,4.292445466686468336e+01
3.242920351028442383e+01,5.606964703625177435e+02,5.894929927575156370e+01,5.990000000000000000e+02,7.900000000000000000e+01,4.323414139569396042e+01
3.243921422958374023e+01,5.613250986747655134e+02,5.898922284268743255e+01,6.000000000000000000e+02,7.900000000000000000e+01,4.354513973977172725e+01
3.244921946525573730e+01,5.619538318457809964e+02,5.902915306910069404e+01,6.000000000000000000e+02,7.900000000000000000e+01,4.296912424470061609e+01
3.245922636985778809e+01,5.625825350571485615e+02,5.914891885313208064e+01,6.010000000000000000e+02,7.900000000000000000e+01,4.324311546749093793e+01
3.246923279762268066e+01,5.632112232886921674e+02,5.926868178355888972e+01,6.010000000000000000e+02,8.000000000000000000e+01,4.310196283614499890e+01
3.247923898696899414e+01,5.638399564597076505e+02,5.938845327479942426e+01,6.020000000000000000e+02,8.000000000000000000e+01,4.337078257770009770e+01
3.248924589157104492e+01,5.644687795096668879e+02,5.938845327479942426e+01,6.020000000000000000e+02,8.000000000000000000e+01,4.281855170249370701e+01
3.249925422668457031e+01,5.650974677412104938e+02,5.938845327479942426e+01,6.030000000000000000e+02,8.000000000000000000e+01,4.314438329648142911e+01
3.250926041603088379e+01,5.657263357306416083e+02,5.938845327479942426e+01,6.040000000000000000e+02,8.100000000000000000e+01,4.395375215449858075e+01
3.251926946640014648e+01,5.663550089823612552e+02,5.938845327479942426e+01,6.040000000000000000e+02,8.100000000000000000e+01,4.340742218300493960e+01
3.252927541732788086e+01,5.669837421533767383e+02,5.938845327479942426e+01,6.050000000000000000e+02,8.100000000000000000e+01,4.372979319087242800e+01
3.253928232192993164e+01,5.676125352436880576e+02,5.938845327479942426e+01,6.050000000000000000e+02,8.100000000000000000e+01,4.318427344253918676e+01
3.254929018020629883e+01,5.682412534348795816e+02,5.938845327479942426e+01,6.060000000000000000e+02,8.200000000000000000e+01,4.401141883051399617e+01
3.255929684638977051e+01,5.688700315453669418e+02,5.938845327479942426e+01,6.070000000000000000e+02,8.200000000000000000e+01,4.433031174780120409e+01
3.256930446624755859e+01,5.694986898172626297e+02,5.938845327479942426e+01,6.070000000000000000e+02,8.200000000000000000e+01,4.379075599630372295e+01
3.257931017875671387e+01,5.701274529479260309e+02,5.938845327479942426e+01,6.080000000000000000e+02,8.200000000000000000e+01,4.410909050884506399e+01
3.258931756019592285e+01,5.707561861189415140e+02,5.938845327479942426e+01,6.080000000000000000e+02,8.300000000000000000e+01,4.409769621151716024e+01
3.259932446479797363e+01,5.713849342697809561e+02,5.938845327479942426e+01,6.090000000000000000e+02,8.300000000000000000e+01,4.441169112570505462e+01
3.260933160781860352e+01,5.720137123802683163e+02,5.938845327479942426e+01,6.090000000000000000e+02,8.300000000000000000e+01,4.388041260797176335e+01
3.261933922767639160e+01,5.726427900872347436e+02,5.938845327479942426e+01,6.100000000000000000e+02,8.300000000000000000e+01,4.419350937889790032e+01
3.262935161590576172e+01,5.732712386415951187e+02,5.938845327479942426e+01,6.110000000000000000e+02,8.400000000000000000e+01,4.504650558973688845e+01
3.263935399055480957e+01,5.738999718126106018e+02,5.938845327479942426e+01,6.110000000000000000e+02,8.400000000000000000e+01,4.452123452591828823e+01
3.264936089515686035e+01,5.745287649029219210e+02,5.938845327479942426e+01,6.120000000000000000e+02,8.400000000000000000e+01,4.483103491898471304e+01
3.265936875343322754e+01,5.751574081949936499e+02,5.938845327479942426e+01,6.120000000000000000e+02,8.400000000000000000e+01,4.430693854372080409e+01
3.266937422752380371e+01,5.757861563458330920e+02,5.938845327479942426e+01,6.130000000000000000e+02,8.500000000000000000e+01,4.517545224094509138e+01
3.267938137054443359e+01,5.764149644159683703e+02,5.938845327479942426e+01,6.130000000000000000e+02,8.500000000000000000e+01,4.465888662228373107e+01
3.268938946723937988e+01,5.770436676273359353e+02,5.938845327479942426e+01,6.140000000000000000e+02,8.500000000000000000e+01,4.496356111448413628e+01
3.269939589500427246e+01,5.777353160589600520e+02,5.938845327479942426e+01,6.150000000000000000e+02,8.500000000000000000e+01,4.521734174940774409e+01
3.271040415763854980e+01,5.783640941694474122e+02,5.938845327479942426e+01,6.150000000000000000e+02,8.600000000000000000e+01,4.528094538691357940e+01
3.272041177749633789e+01,5.789928872597587315e+02,5.938845327479942426e+01,6.160000000000000000e+02,8.600000000000000000e+01,4.558180352373588562e+01
3.273041963577270508e+01,5.796215754913023375e+02,5.938845327479942426e+01,6.160000000000000000e+02,8.600000000000000000e+01,4.507287642077603351e+01
3.274042582511901855e+01,5.802502787026699025e+02,5.944835535390003400e+01,6.170000000000000000e+02,8.600000000000000000e+01,4.533797358555194990e+01
3.275043225288391113e+01,5.808791167324530988e+02,5.950827027833568650e+01,6.170000000000000000e+02,8.700000000000000000e+01,4.539287841850075012e+01
3.276044082641601562e+01,5.815077600245248277e+02,5.958811931491525371e+01,6.180000000000000000e+02,8.700000000000000000e+01,4.564093317539629879e+01
3.277044630050659180e+01,5.821365680946601060e+02,5.966798928128089585e+01,6.190000000000000000e+02,8.700000000000000000e+01,4.589064634288568101e+01
3.278045439720153809e+01,5.827653611849714252e+02,5.974785734493871558e+01,6.190000000000000000e+02,8.800000000000000000e+01,4.594706317772125459e+01
3.279046225547790527e+01,5.833940344366910722e+02,5.979277217028970171e+01,6.200000000000000000e+02,8.800000000000000000e+01,4.621303297403603949e+01
3.280046820640563965e+01,5.840228125471784324e+02,5.983769448715273143e+01,6.200000000000000000e+02,8.800000000000000000e+01,4.568887686094296186e+01
3.281047582626342773e+01,5.846515756778418336e+02,5.988261573379975289e+01,6.210000000000000000e+02,8.800000000000000000e+01,4.595427345391095031e+01
3.282048320770263672e+01,5.852802788892093986e+02,5.993752917082279197e+01,6.210000000000000000e+02,8.900000000000000000e+01,4.604916597430876379e+01
3.283048963546752930e+01,5.859090869593446769e+02,5.999245176662732604e+01,6.220000000000000000e+02,8.900000000000000000e+01,4.630325969755894278e+01
3.284049773216247559e+01,5.865377901707122419e+02,6.004736520365036512e+01,6.230000000000000000e+02,8.900000000000000000e+01,4.655907867737295192e+01
3.285050415992736816e+01,5.872283750348356079e+02,6.025017590183631455e+01,6.230000000000000000e+02,8.900000000000000000e+01,4.589293560368224689e+01
3.286149549484252930e+01,5.878571381654990091e+02,6.043483081703679005e+01,6.240000000000000000e+02,9.000000000000000000e+01,4.669481438452310584e+01
3.287150287628173828e+01,5.884859012961624103e+02,6.075421109435121281e+01,6.240000000000000000e+02,9.000000000000000000e+01,4.600616671121044732e+01
3.288151025772094727e+01,5.891146194873539343e+02,6.107356854465767526e+01,6.250000000000000000e+02,9.000000000000000000e+01,4.609228754659520888e+01
3.289151692390441895e+01,5.897433676381933765e+02,6.141289720762483029e+01,6.250000000000000000e+02,9.100000000000000000e+01,4.602637045371017166e+01
3.290152406692504883e+01,5.903731493968856512e+02,6.176777529815782231e+01,6.260000000000000000e+02,9.100000000000000000e+01,4.608465520013816530e+01
3.291154766082763672e+01,5.910018675880771752e+02,6.212205407504190191e+01,6.270000000000000000e+02,9.100000000000000000e+01,4.614977029185662616e+01
3.292155432701110840e+01,5.916935609591731691e+02,6.251730742995388823e+01,6.270000000000000000e+02,9.100000000000000000e+01,4.536307324006367736e+01
3.293256330490112305e+01,5.923221892714209389e+02,6.287652360838120558e+01,6.280000000000000000e+02,9.200000000000000000e+01,4.605521746249265647e+01
3.294256854057312012e+01,5.929509224424364220e+02,6.323579970610434486e+01,6.280000000000000000e+02,9.200000000000000000e+01,4.534111882368424773e+01
3.295257544517517090e+01,5.935797454923956593e+02,6.360512553991473794e+01,6.290000000000000000e+02,9.200000000000000000e+01,4.539673253646640916e+01
3.296258378028869629e+01,5.942084786634111424e+02,6.397439858524062117e+01,6.290000000000000000e+02,9.300000000000000000e+01,4.530933120674811931e+01
3.297259068489074707e+01,5.948372118344266255e+02,6.434367163056650440e+01,6.300000000000000000e+02,9.300000000000000000e+01,4.536085126178504368e+01
3.298259758949279785e+01,5.954659150457941905e+02,6.471292707973087488e+01,6.310000000000000000e+02,9.300000000000000000e+01,4.541838491106149434e+01
3.299260401725769043e+01,5.960949328334647817e+02,6.508236728859104403e+01,6.310000000000000000e+02,9.300000000000000000e+01,4.469628541735281857e+01
3.300261545181274414e+01,5.967235611457125515e+02,6.545157874735166104e+01,6.320000000000000000e+02,9.400000000000000000e+01,4.538104774307160483e+01
3.301262068748474121e+01,5.973522343974321984e+02,6.582580500470791662e+01,6.320000000000000000e+02,9.400000000000000000e+01,4.465705907113926543e+01
3.302262663841247559e+01,5.979810724272153948e+02,6.620012934843546759e+01,6.330000000000000000e+02,9.400000000000000000e+01,4.471194579294947857e+01
3.303263521194458008e+01,5.986096707798152465e+02,6.657431102107749155e+01,6.330000000000000000e+02,9.500000000000000000e+01,4.461742415020313501e+01
3.304263997077941895e+01,5.992384938297744839e+02,6.694862644786219619e+01,6.340000000000000000e+02,9.500000000000000000e+01,4.466813035469699145e+01
3.305264830589294434e+01,5.998671371218462127e+02,6.732283487133275912e+01,6.350000000000000000e+02,9.500000000000000000e+01,4.472520009541231900e+01
3.306265377998352051e+01,6.004959901314533681e+02,6.770215796270166209e+01,6.350000000000000000e+02,9.500000000000000000e+01,4.399657801354619124e+01
3.307266259193420410e+01,6.011247532621167693e+02,6.808142683924093319e+01,6.360000000000000000e+02,9.600000000000000000e+01,4.467358909200034134e+01
3.308266997337341309e+01,6.017534564734843343e+02,6.846065957256044499e+01,6.360000000000000000e+02,9.600000000000000000e+01,4.394588734673517649e+01
3.309267640113830566e+01,6.023822495637956536e+02,6.884493587595972031e+01,6.370000000000000000e+02,9.600000000000000000e+01,4.399756985157323186e+01
3.310268425941467285e+01,6.030109677549871776e+02,6.922916640602382188e+01,6.370000000000000000e+02,9.700000000000000000e+01,4.389161094624845560e+01
3.311269092559814453e+01,6.036397009260026607e+02,6.961839497055670734e+01,6.380000000000000000e+02,9.700000000000000000e+01,4.393611778984320893e+01
3.312269783020019531e+01,6.042684191171941848e+02,7.001260302250013012e+01,6.380000000000000000e+02,9.700000000000000000e+01,4.319883267490499890e+01
3.313270449638366699e+01,6.048971972276815450e+02,7.040684864400843423e+01,6.390000000000000000e+02,9.700000000000000000e+01,4.324577269480020902e+01
3.314271211624145508e+01,6.055258554995772329e+02,7.081099569736953470e+01,6.400000000000000000e+02,9.800000000000000000e+01,4.390567837996000833e+01
3.315271782875061035e+01,6.061546635697125112e+02,7.121523905188472270e+01,6.400000000000000000e+02,9.800000000000000000e+01,4.316167532808506024e+01
3.316272592544555664e+01,6.067834566600238304e+02,7.162945148678475960e+01,6.410000000000000000e+02,9.800000000000000000e+01,4.319927854749782625e+01
3.317273378372192383e+01,6.074121149319195183e+02,7.204357511112843326e+01,6.410000000000000000e+02,9.900000000000000000e+01,4.306732945210276853e+01
3.318273949623107910e+01,6.080408331231110424e+02,7.245773820683048427e+01,6.420000000000000000e+02,9.900000000000000000e+01,4.310123752364354033e+01
3.319274616241455078e+01,6.086696411932463207e+02,7.288193945779455873e+01,6.420000000000000000e+02,9.900000000000000000e+01,4.234460892100966589e+01
3.320275425910949707e+01,6.092983593844378447e+02,7.330608007537593096e+01,6.430000000000000000e+02,1.000000000000000000e+02,4.299262659018113908e+01
3.321276092529296875e+01,6.099271674545731230e+02,7.373028132634000542e+01,6.430000000000000000e+02,1.000000000000000000e+02,4.223636314564841854e+01
3.322276902198791504e+01,6.105559455650604832e+02,7.415446236617651721e+01,6.440000000000000000e+02,1.000000000000000000e+02,4.226696810310131269e+01
3.323277664184570312e+01,6.111846637562520073e+02,7.457860298375788943e+01,6.450000000000000000e+02,1.000000000000000000e+02,4.230513434011455587e+01
3.324278330802917480e+01,6.118133370079716542e+02,7.500271328464791054e+01,6.450000000000000000e+02,1.010000000000000000e+02,4.215701029611428652e+01
3.325278925895690918e+01,6.124420701789871373e+02,7.542686400779307121e+01,6.460000000000000000e+02,1.010000000000000000e+02,4.219146760125717321e+01
3.326279616355895996e+01,6.131326850027584214e+02,7.589276081493024151e+01,6.460000000000000000e+02,1.010000000000000000e+02,4.135980965410990962e+01
3.327378797531127930e+01,6.137614181737739045e+02,7.631691153807540218e+01,6.470000000000000000e+02,1.020000000000000000e+02,4.200505153861583096e+01
3.328379487991333008e+01,6.143912748315859744e+02,7.674182017850436921e+01,6.470000000000000000e+02,1.020000000000000000e+02,4.124687388159455992e+01
3.329381966590881348e+01,6.150200529420733346e+02,7.716600121834088100e+01,6.480000000000000000e+02,1.020000000000000000e+02,4.128443294307301414e+01
3.330382728576660156e+01,6.156487861130888177e+02,7.759015194148604166e+01,6.480000000000000000e+02,1.030000000000000000e+02,4.113710512801600316e+01
3.331383419036865234e+01,6.162775192841043008e+02,7.801430266463120233e+01,6.490000000000000000e+02,1.030000000000000000e+02,4.117093411056908536e+01
3.332384109497070312e+01,6.169061775559999887e+02,7.843840285995743500e+01,6.490000000000000000e+02,1.030000000000000000e+02,4.041392697000312495e+01
3.333384680747985840e+01,6.175349257068394309e+02,7.886256368866638411e+01,6.500000000000000000e+02,1.040000000000000000e+02,4.105936864062559977e+01
3.334385395050048828e+01,6.181636738576788730e+02,7.928672451737533322e+01,6.510000000000000000e+02,1.040000000000000000e+02,4.109708383334491089e+01
3.335386109352111816e+01,6.187924220085183151e+02,7.971088534608428233e+01,6.510000000000000000e+02,1.040000000000000000e+02,4.033967241746564980e+01
3.336386823654174805e+01,6.194211551795337982e+02,8.013503606922944300e+01,6.520000000000000000e+02,1.050000000000000000e+02,4.098350352415637587e+01
3.337387514114379883e+01,6.200499782294930355e+02,8.055924742575730590e+01,6.520000000000000000e+02,1.050000000000000000e+02,4.022628838870446799e+01
3.338388347625732422e+01,6.206786664610366415e+02,8.098336783221111546e+01,6.530000000000000000e+02,1.050000000000000000e+02,4.026744618696086775e+01
3.339388966560363770e+01,6.213074146118760837e+02,8.140752866092006457e+01,6.530000000000000000e+02,1.060000000000000000e+02,4.011495500616938159e+01
3.340389680862426758e+01,6.219363425206030342e+02,8.183181075639441815e+01,6.540000000000000000e+02,1.060000000000000000e+02,4.015195514879470551e+01
3.341390681266784668e+01,6.225649708328508041e+02,8.225589074059308814e+01,6.540000000000000000e+02,1.060000000000000000e+02,3.939471770760864189e+01
3.342391204833984375e+01,6.231937489433381643e+02,8.268007178042959993e+01,6.550000000000000000e+02,1.060000000000000000e+02,3.943927811770035419e+01
3.343391966819763184e+01,6.238224671345296883e+02,8.310421239801097215e+01,6.550000000000000000e+02,1.070000000000000000e+02,3.928163974042903561e+01
3.344392633438110352e+01,6.244512452450170485e+02,8.352839343784748394e+01,6.560000000000000000e+02,1.070000000000000000e+02,3.932226139476900073e+01
3.345393395423889160e+01,6.250799484563846136e+02,8.395252394986506772e+01,6.570000000000000000e+02,1.070000000000000000e+02,3.937100256316323765e+01
3.346394038200378418e+01,6.257086217081042605e+02,8.437663425075508883e+01,6.570000000000000000e+02,1.080000000000000000e+02,3.920731774463947517e+01
3.347394633293151855e+01,6.263374747177114159e+02,8.480086581841051441e+01,6.580000000000000000e+02,1.080000000000000000e+02,3.925194688199500348e+01
3.348395514488220215e+01,6.269661329896071038e+02,8.522496601373674707e+01,6.580000000000000000e+02,1.080000000000000000e+02,3.849419533766355528e+01
3.349396085739135742e+01,6.275949410597423821e+02,8.564916726470082153e+01,6.590000000000000000e+02,1.090000000000000000e+02,3.913488362666962672e+01
3.350396895408630371e+01,6.282236292912859881e+02,8.607328767115463108e+01,6.590000000000000000e+02,1.090000000000000000e+02,3.837732575636061938e+01
3.351397514343261719e+01,6.288523624623014712e+02,8.649743839429979175e+01,6.600000000000000000e+02,1.090000000000000000e+02,3.842578044748316302e+01
3.352398204803466797e+01,6.294811705324367495e+02,8.692163964526386621e+01,6.600000000000000000e+02,1.100000000000000000e+02,3.826237928740531657e+01
3.353399014472961426e+01,6.301099486429241097e+02,8.734582068510037800e+01,6.610000000000000000e+02,1.100000000000000000e+02,3.830675023118526212e+01
3.354399776458740234e+01,6.307386818139395928e+02,8.776997140824553867e+01,6.610000000000000000e+02,1.100000000000000000e+02,3.754892208237423290e+01
3.355400466918945312e+01,6.313674299647790349e+02,8.819413223695448778e+01,6.620000000000000000e+02,1.110000000000000000e+02,3.818981475980520912e+01
3.356401181221008301e+01,6.319962080752663951e+02,8.861831327679099957e+01,6.620000000000000000e+02,1.110000000000000000e+02,3.743217106231723079e+01
3.357401943206787109e+01,6.326248813269860420e+02,8.904242357768102067e+01,6.630000000000000000e+02,1.110000000000000000e+02,3.748043485262223840e+01
3.358402538299560547e+01,6.332536744172973613e+02,8.946661472308132090e+01,6.630000000000000000e+02,1.120000000000000000e+02,3.731752051932449632e+01
3.359403324127197266e+01,6.338823926084888853e+02,8.989075534066269313e+01,6.640000000000000000e+02,1.120000000000000000e+02,3.736159758890993032e+01
3.360403990745544434e+01,6.345110958198564504e+02,9.031488585268027691e+01,6.650000000000000000e+02,1.120000000000000000e+02,3.741413441051738431e+01
3.361404633522033691e+01,6.351399488294636058e+02,9.073911742033570249e+01,6.650000000000000000e+02,1.130000000000000000e+02,3.724472511823188370e+01
3.362405514717102051e+01,6.357686220811832527e+02,9.116322772122572360e+01,6.660000000000000000e+02,1.130000000000000000e+02,3.729317409963068997e+01
3.363406109809875488e+01,6.363973103127268587e+02,9.158734812767953315e+01,6.660000000000000000e+02,1.130000000000000000e+02,3.653520079219733674e+01
3.364406728744506836e+01,6.370261633223340141e+02,9.201157969533495873e+01,6.670000000000000000e+02,1.140000000000000000e+02,3.717420493667619041e+01
3.365407609939575195e+01,6.376548215942297020e+02,9.243567989066119139e+01,6.670000000000000000e+02,1.140000000000000000e+02,3.641647151282673889e+01
3.366408181190490723e+01,6.382837195433087345e+02,9.285994177500796809e+01,6.680000000000000000e+02,1.140000000000000000e+02,3.646860822593569651e+01
3.367409133911132812e+01,6.389123628353804634e+02,9.328403186477042652e+01,6.680000000000000000e+02,1.150000000000000000e+02,3.629977834465194064e+01
3.368409681320190430e+01,6.395416352800583581e+02,9.370854638821181481e+01,6.690000000000000000e+02,1.150000000000000000e+02,3.634723165353904761e+01
3.369411230087280273e+01,6.402328043573158993e+02,9.417481710120900118e+01,6.690000000000000000e+02,1.150000000000000000e+02,3.551393793868204796e+01
3.370511293411254883e+01,6.408614925888595053e+02,9.459893750766281073e+01,6.700000000000000000e+02,1.160000000000000000e+02,3.615325835868755178e+01
3.371511912345886230e+01,6.415530511415398678e+02,9.506547096531838292e+01,6.700000000000000000e+02,1.160000000000000000e+02,3.531973110401286675e+01
3.372612595558166504e+01,6.421817843125553509e+02,9.548962168846354359e+01,6.710000000000000000e+02,1.170000000000000000e+02,3.596089446208893747e+01
3.373613286018371582e+01,6.428106223423385472e+02,9.591384315055519494e+01,6.720000000000000000e+02,1.170000000000000000e+02,3.600896803188025075e+01
3.374614143371582031e+01,6.434392806142342351e+02,9.633794334588142760e+01,6.720000000000000000e+02,1.170000000000000000e+02,3.525103228290573298e+01
3.375614714622497559e+01,6.440681336238413905e+02,9.676716474423535885e+01,6.730000000000000000e+02,1.180000000000000000e+02,3.588713118941578273e+01
3.376615595817565918e+01,6.446967918957370784e+02,9.719625322505288523e+01,6.730000000000000000e+02,1.180000000000000000e+02,3.512644970487818341e+01
3.377616167068481445e+01,6.453255250667525615e+02,9.762539282799980356e+01,6.740000000000000000e+02,1.180000000000000000e+02,3.517598797632779650e+01
3.378616857528686523e+01,6.459543031772399218e+02,9.805955234061238457e+01,6.740000000000000000e+02,1.190000000000000000e+02,3.500090653754166681e+01
3.379617619514465332e+01,6.465830962675512410e+02,9.849871155176306559e+01,6.750000000000000000e+02,1.190000000000000000e+02,3.504030887102842939e+01
3.380618405342102051e+01,6.472119792368063145e+02,9.893793353581413896e+01,6.750000000000000000e+02,1.190000000000000000e+02,3.427332211427853537e+01
3.381619334220886230e+01,6.478405176701104438e+02,9.938190222500823268e+01,6.760000000000000000e+02,1.200000000000000000e+02,3.490075072181804217e+01
3.382619714736938477e+01,6.484692508411259269e+02,9.982600846736039557e+01,6.760000000000000000e+02,1.200000000000000000e+02,3.413110141217039484e+01
3.383620405197143555e+01,6.490980738910851642e+02,1.002701781957855189e+02,6.770000000000000000e+02,1.200000000000000000e+02,3.417284519927189734e+01
3.384621238708496094e+01,6.497268220419246063e+02,1.007142950191498443e+02,6.770000000000000000e+02,1.210000000000000000e+02,3.399023481094148735e+01
3.385621953010559082e+01,6.503555851725880075e+02,1.011584224235263321e+02,6.780000000000000000e+02,1.210000000000000000e+02,3.402795720981879413e+01
3.386622691154479980e+01,6.509843333234274496e+02,1.016025392468906574e+02,6.780000000000000000e+02,1.220000000000000000e+02,3.385118389590397214e+01
3.387623405456542969e+01,6.516130515146189737e+02,1.020466349082306721e+02,6.790000000000000000e+02,1.220000000000000000e+02,3.388483032016470275e+01
3.388624072074890137e+01,6.522417397461625796e+02,1.024907094075463618e+02,6.790000000000000000e+02,1.220000000000000000e+02,3.311520664638672429e+01
3.389624691009521484e+01,6.528704729171780627e+02,1.029398045297002824e+02,6.800000000000000000e+02,1.230000000000000000e+02,3.374051988402375457e+01
3.390625381469726562e+01,6.534993558864331362e+02,1.033890066505967411e+02,6.800000000000000000e+02,1.230000000000000000e+02,3.296779032001182230e+01
3.391626310348510742e+01,6.541281040372725784e+02,1.038381124726249141e+02,6.810000000000000000e+02,1.230000000000000000e+02,3.300419255554389508e+01
3.392627024650573730e+01,6.547567323495203482e+02,1.042921207434261532e+02,6.810000000000000000e+02,1.240000000000000000e+02,3.281934797899564416e+01
3.393627548217773438e+01,6.553855404196556265e+02,1.047462588390635574e+02,6.820000000000000000e+02,1.240000000000000000e+02,3.284868349639179286e+01
3.394628357887268066e+01,6.560142136713752734e+02,1.052052879704272215e+02,6.820000000000000000e+02,1.240000000000000000e+02,3.207027114621121200e+01
3.395628952980041504e+01,6.566430517011584698e+02,1.056644374153737402e+02,6.830000000000000000e+02,1.250000000000000000e+02,3.268872441824251496e+01
3.396629810333251953e+01,6.572717848721739529e+02,1.061235102971311619e+02,6.830000000000000000e+02,1.250000000000000000e+02,3.191023217035893822e+01
3.397630500793457031e+01,6.579004581238935998e+02,1.065825394284948260e+02,6.840000000000000000e+02,1.260000000000000000e+02,3.253035292136544854e+01
3.398631095886230469e+01,6.585292062747330419e+02,1.070416232478506942e+02,6.840000000000000000e+02,1.260000000000000000e+02,3.175187210341358579e+01
3.399631810188293457e+01,6.591580443045162383e+02,1.075007726927972129e+02,6.850000000000000000e+02,1.260000000000000000e+02,3.178093902217023725e+01
3.400632667541503906e+01,6.597867774755317214e+02,1.079598455745546346e+02,6.850000000000000000e+02,1.270000000000000000e+02,3.159484246856061418e+01
3.401633358001708984e+01,6.604155406061951226e+02,1.084189403315089493e+02,6.860000000000000000e+02,1.270000000000000000e+02,3.161993581393351604e+01
3.402634096145629883e+01,6.610441988780908105e+02,1.088879350962567401e+02,6.860000000000000000e+02,1.270000000000000000e+02,3.083567584331000688e+01
3.403634667396545410e+01,6.616730219280500478e+02,1.093620615732699690e+02,6.870000000000000000e+02,1.280000000000000000e+02,3.144564464366430556e+01
3.404635500907897949e+01,6.623017401192415718e+02,1.098361089877900127e+02,6.870000000000000000e+02,1.280000000000000000e+02,3.065829378554723306e+01
3.405636167526245117e+01,6.629304283507851778e+02,1.103151223362417568e+02,6.880000000000000000e+02,1.280000000000000000e+02,3.067960757013053552e+01
3.406636786460876465e+01,6.635592663805683742e+02,1.107992395315696825e+02,6.880000000000000000e+02,1.290000000000000000e+02,3.047322007082925666e+01
3.407637643814086914e+01,6.641879246524640621e+02,1.112832183385047529e+02,6.890000000000000000e+02,1.290000000000000000e+02,3.048808677980458270e+01
3.408638215065002441e+01,6.648166877831274633e+02,1.117722669895282621e+02,6.890000000000000000e+02,1.300000000000000000e+02,3.028337564538962567e+01
3.409638953208923340e+01,6.654455258129106596e+02,1.122613738966926036e+02,6.900000000000000000e+02,1.300000000000000000e+02,3.029160046345150192e+01
3.410639810562133789e+01,6.660741691049823885e+02,1.127553175045199794e+02,6.900000000000000000e+02,1.300000000000000000e+02,2.949278654835609714e+01
3.411640357971191406e+01,6.667029322356457897e+02,1.132493552730694262e+02,6.910000000000000000e+02,1.310000000000000000e+02,3.009041193083485766e+01
3.412641096115112305e+01,6.673316654066612728e+02,1.137433695014383659e+02,6.910000000000000000e+02,1.310000000000000000e+02,2.929131882633696549e+01
3.413641786575317383e+01,6.679603985776767558e+02,1.142373837298073056e+02,6.920000000000000000e+02,1.320000000000000000e+02,2.989001460866622040e+01
3.414642477035522461e+01,6.685892665671078703e+02,1.147315038889885699e+02,6.920000000000000000e+02,1.320000000000000000e+02,2.909060669360387053e+01
3.415643382072448730e+01,6.692179847582993943e+02,1.152255063472672418e+02,6.930000000000000000e+02,1.320000000000000000e+02,2.910271269593354404e+01
3.416644048690795898e+01,6.698466430301950822e+02,1.157244500106761649e+02,6.930000000000000000e+02,1.330000000000000000e+02,2.888810423694917162e+01
3.417644619941711426e+01,6.704753911810345244e+02,1.162234650077992058e+02,6.940000000000000000e+02,1.330000000000000000e+02,2.889393269234712491e+01
3.418645334243774414e+01,6.711042591704656388e+02,1.167225751165410657e+02,6.940000000000000000e+02,1.330000000000000000e+02,2.809216098789580229e+01
3.419646239280700684e+01,6.717328874827134086e+02,1.172214950020452733e+02,6.950000000000000000e+02,1.340000000000000000e+02,2.868582846735415615e+01
3.420646762847900391e+01,6.723616356335528508e+02,1.177205099991683142e+02,6.950000000000000000e+02,1.340000000000000000e+02,2.788399784599049980e+01
3.421647477149963379e+01,6.729903688045683339e+02,1.182195131073389973e+02,6.960000000000000000e+02,1.350000000000000000e+02,2.847855101834624136e+01
3.422648167610168457e+01,6.736191319352317350e+02,1.187185399934143959e+02,6.960000000000000000e+02,1.350000000000000000e+02,2.767650981028154078e+01
3.423648905754089355e+01,6.742478651062472181e+02,1.192175431015850791e+02,6.970000000000000000e+02,1.350000000000000000e+02,2.769017132438598239e+01
3.424649596214294434e+01,6.748767031360304145e+02,1.197166294324222378e+02,6.970000000000000000e+02,1.360000000000000000e+02,2.746977286350187697e+01
3.425650453567504883e+01,6.755053913675740205e+02,1.202155968737358620e+02,6.980000000000000000e+02,1.360000000000000000e+02,2.748008005043708835e+01
3.426651072502136230e+01,6.761341245385895036e+02,1.207145999819065452e+02,6.980000000000000000e+02,1.370000000000000000e+02,2.726409293270604906e+01
3.427651762962341309e+01,6.767628577096049867e+02,1.212185919698789860e+02,6.990000000000000000e+02,1.370000000000000000e+02,2.726799106381770699e+01
3.428652453422546387e+01,6.773917107192121421e+02,1.217226800203669939e+02,6.990000000000000000e+02,1.370000000000000000e+02,2.646345917302394568e+01
3.429653334617614746e+01,6.780203540112838709e+02,1.222365762947111278e+02,7.000000000000000000e+02,1.380000000000000000e+02,2.704792717939302804e+01
3.430653882026672363e+01,6.786491471015951902e+02,1.227655630901919892e+02,7.000000000000000000e+02,1.380000000000000000e+02,2.622874353544678883e+01
3.431654667854309082e+01,6.792778802726106733e+02,1.232944994771731899e+02,7.010000000000000000e+02,1.380000000000000000e+02,2.623170278647377884e+01
3.432655358314514160e+01,6.799066733629219925e+02,1.238334649831543146e+02,7.010000000000000000e+02,1.390000000000000000e+02,2.597984243669831983e+01
3.433656144142150879e+01,6.805354514734093527e+02,1.243724176492863336e+02,7.020000000000000000e+02,1.390000000000000000e+02,2.597485339472149235e+01
3.434656906127929688e+01,6.811641696646008768e+02,1.249163077169615974e+02,7.020000000000000000e+02,1.400000000000000000e+02,2.572255039172691937e+01
3.435657572746276855e+01,6.817929327952642780e+02,1.254602366607704482e+02,7.030000000000000000e+02,1.400000000000000000e+02,2.571272870363977958e+01
3.436658310890197754e+01,6.824216210268078839e+02,1.260041008110233207e+02,7.030000000000000000e+02,1.400000000000000000e+02,2.488684140810789103e+01
3.437658929824829102e+01,6.830503242381754490e+02,1.265579552041425160e+02,7.040000000000000000e+02,1.410000000000000000e+02,2.544526620829763175e+01
3.438659572601318359e+01,6.836791622679586453e+02,1.271119283651801766e+02,7.040000000000000000e+02,1.410000000000000000e+02,2.461330899870723599e+01
3.439660429954528809e+01,6.843078205398543332e+02,1.276657431689932167e+02,7.050000000000000000e+02,1.420000000000000000e+02,2.517215147157943633e+01
3.440661001205444336e+01,6.849366286099896115e+02,1.282246794112723194e+02,7.050000000000000000e+02,1.420000000000000000e+02,2.433717996925100024e+01
3.441661810874938965e+01,6.855653168415332175e+02,1.287835091311715985e+02,7.060000000000000000e+02,1.420000000000000000e+02,2.433622622085746556e+01
3.442662429809570312e+01,6.861940649923726596e+02,1.293473811109246299e+02,7.060000000000000000e+02,1.430000000000000000e+02,2.405554123391730670e+01
3.443663144111633301e+01,6.868227981633881427e+02,1.299162285363198635e+02,7.070000000000000000e+02,1.430000000000000000e+02,2.404796352436487439e+01
3.444663834571838379e+01,6.874516511729952981e+02,1.304851843858884308e+02,7.070000000000000000e+02,1.440000000000000000e+02,2.376527262510762739e+01
3.445664715766906738e+01,6.880803843440107812e+02,1.310540318112836644e+02,7.080000000000000000e+02,1.440000000000000000e+02,2.375687648293828502e+01
3.446665406227111816e+01,6.887091324948502233e+02,1.316228927897005576e+02,7.080000000000000000e+02,1.440000000000000000e+02,2.292008621267576984e+01
3.447666120529174805e+01,6.893378656658657064e+02,1.321917402150957912e+02,7.090000000000000000e+02,1.450000000000000000e+02,2.346595502618925977e+01
3.448666810989379883e+01,6.899665988368811895e+02,1.327605876404910248e+02,7.090000000000000000e+02,1.450000000000000000e+02,2.262904272704246722e+01
3.449667501449584961e+01,6.905953619675445907e+02,1.333294621719295776e+02,7.100000000000000000e+02,1.460000000000000000e+02,2.317504058298881375e+01
3.450668239593505859e+01,6.912241250982079919e+02,1.338983367033681304e+02,7.100000000000000000e+02,1.460000000000000000e+02,2.233794379240824313e+01
3.451668977737426758e+01,6.918527983499276388e+02,1.344671299166766971e+02,7.110000000000000000e+02,1.470000000000000000e+02,2.288423395165313323e+01
3.452669572830200195e+01,6.924816064200629171e+02,1.350360451071802572e+02,7.110000000000000000e+02,1.470000000000000000e+02,2.204692988737616588e+01
3.453670382499694824e+01,6.931102646919586050e+02,1.356098130529584296e+02,7.120000000000000000e+02,1.470000000000000000e+02,2.205807014895958318e+01
3.454670953750610352e+01,6.937390128427980471e+02,1.361836630300391562e+02,7.120000000000000000e+02,1.480000000000000000e+02,2.175062002203978651e+01
3.455671668052673340e+01,6.943677759734614483e+02,1.367575266790036608e+02,7.120000000000000000e+02,1.480000000000000000e+02,2.091144496430980482e+01
3.456672406196594238e+01,6.949965091444769314e+02,1.373313629842006378e+02,7.130000000000000000e+02,1.490000000000000000e+02,2.145420175143754449e+01
3.457673096656799316e+01,6.956252423154924145e+02,1.379051992893976148e+02,7.130000000000000000e+02,1.490000000000000000e+02,2.061496561732128185e+01
3.458673787117004395e+01,6.962540204259797747e+02,1.384790766102458690e+02,7.140000000000000000e+02,1.490000000000000000e+02,2.063030828695050189e+01
3.459674549102783203e+01,6.968828884154108891e+02,1.390580451040709704e+02,7.140000000000000000e+02,1.500000000000000000e+02,2.031555773154702393e+01
3.460675454139709473e+01,6.975114867680107409e+02,1.396367653562417956e+02,7.150000000000000000e+02,1.500000000000000000e+02,2.032842166394267025e+01
3.461675930023193359e+01,6.981403247977939373e+02,1.402157062676608632e+02,7.150000000000000000e+02,1.510000000000000000e+02,2.001373626360783575e+01
3.462676787376403809e+01,6.987689830696896252e+02,1.407944816846437561e+02,7.160000000000000000e+02,1.510000000000000000e+02,2.002649616227747842e+01
3.463677358627319336e+01,6.993977312205290673e+02,1.413733398488447506e+02,7.160000000000000000e+02,1.510000000000000000e+02,1.919134998616917542e+01
3.464678072929382324e+01,7.000265692503122636e+02,1.419522807602638181e+02,7.170000000000000000e+02,1.520000000000000000e+02,1.972445216818479352e+01
3.465678930282592773e+01,7.006552275222079516e+02,1.425310561772467111e+02,7.170000000000000000e+02,1.520000000000000000e+02,1.888948078876828518e+01
3.466679501533508301e+01,7.012840355923432298e+02,1.431099695062597448e+02,7.180000000000000000e+02,1.530000000000000000e+02,1.942256855426593987e+01
3.467680311203002930e+01,7.019128286826545491e+02,1.436938583993199074e+02,7.180000000000000000e+02,1.530000000000000000e+02,1.858497652636480524e+01
3.468681097030639648e+01,7.025415618536700322e+02,1.442776916521196142e+02,7.190000000000000000e+02,1.540000000000000000e+02,1.911552944147333832e+01
3.469681787490844727e+01,7.031702950246855153e+02,1.448615249049193210e+02,7.190000000000000000e+02,1.540000000000000000e+02,1.827816420401419961e+01
3.470682477951049805e+01,7.037990431755249574e+02,1.454453720677841488e+02,7.200000000000000000e+02,1.540000000000000000e+02,1.832082588441776849e+01
3.471683192253112793e+01,7.044277164272446043e+02,1.460291496803234281e+02,7.200000000000000000e+02,1.550000000000000000e+02,1.797142651901481258e+01
3.472683787345886230e+01,7.050565394772038417e+02,1.466130663935138045e+02,7.200000000000000000e+02,1.550000000000000000e+02,1.713615090141233566e+01
3.473684620857238770e+01,7.056853026078672428e+02,1.471969274664437535e+02,7.210000000000000000e+02,1.560000000000000000e+02,1.766448533763863438e+01
3.474685359001159668e+01,7.063139458999389717e+02,1.477806772588528190e+02,7.210000000000000000e+02,1.560000000000000000e+02,1.682965987039127853e+01
3.475685906410217285e+01,7.069427689498982090e+02,1.483645939720431954e+02,7.220000000000000000e+02,1.570000000000000000e+02,1.735772001628734174e+01
3.476686739921569824e+01,7.075714721612657740e+02,1.489483994047126885e+02,7.220000000000000000e+02,1.570000000000000000e+02,1.652303506439296754e+01
3.477687382698059082e+01,7.082002802314010523e+02,1.495223040693284702e+02,7.230000000000000000e+02,1.570000000000000000e+02,1.658154521329782582e+01
3.478688192367553711e+01,7.088289385032967402e+02,1.500960720151066425e+02,7.230000000000000000e+02,1.580000000000000000e+02,1.622624607029383270e+01
3.479688763618469238e+01,7.094577915129038956e+02,1.506700176953737014e+02,7.240000000000000000e+02,1.580000000000000000e+02,1.628509957808992326e+01
3.480689644813537598e+01,7.100864198251516655e+02,1.512437582973843462e+02,7.240000000000000000e+02,1.590000000000000000e+02,1.592943811411208621e+01
3.481690168380737305e+01,7.107151829558150666e+02,1.518176219463488508e+02,7.250000000000000000e+02,1.590000000000000000e+02,1.598882586343994205e+01
3.482690906524658203e+01,7.113439161268305497e+02,1.523914582515458278e+02,7.250000000000000000e+02,1.600000000000000000e+02,1.563261124345542008e+01
3.483691596984863281e+01,7.119726792574939509e+02,1.529653219005103324e+02,7.260000000000000000e+02,1.600000000000000000e+02,1.569243203511106444e+01
3.484692335128784180e+01,7.126014873276292292e+02,1.535392265651261141e+02,7.260000000000000000e+02,1.600000000000000000e+02,1.487486925012963646e+01
3.485693144798278809e+01,7.132302204986447123e+02,1.541180709381240774e+02,7.260000000000000000e+02,1.610000000000000000e+02,1.450614408193735372e+01
3.486693835258483887e+01,7.138589986091320725e+02,1.546969566847310773e+02,7.270000000000000000e+02,1.610000000000000000e+02,1.457443901455383894e+01
3.487694597244262695e+01,7.144876419012038014e+02,1.552757183105109391e+02,7.270000000000000000e+02,1.620000000000000000e+02,1.420475516973484176e+01
3.488695144653320312e+01,7.151164949108109568e+02,1.558546730131330378e+02,7.280000000000000000e+02,1.620000000000000000e+02,1.427409356697213738e+01
3.489696025848388672e+01,7.157452280818264398e+02,1.564335173861310011e+02,7.280000000000000000e+02,1.630000000000000000e+02,1.390316973516108412e+01
3.490696716308593750e+01,7.163739762326658820e+02,1.570123755503319956e+02,7.290000000000000000e+02,1.630000000000000000e+02,1.397383707946919351e+01
3.491697430610656738e+01,7.170028741817449145e+02,1.575913716265631308e+02,7.290000000000000000e+02,1.630000000000000000e+02,1.315995018155422613e+01
3.492698383331298828e+01,7.176314425746969619e+02,1.581700642963279222e+02,7.300000000000000000e+02,1.640000000000000000e+02,1.367367408899193393e+01
3.493698811531066895e+01,7.182601457860645269e+02,1.587488810869198517e+02,7.300000000000000000e+02,1.640000000000000000e+02,1.286073196998392199e+01
3.494699454307556152e+01,7.188890437351435594e+02,1.593278771631509869e+02,7.300000000000000000e+02,1.650000000000000000e+02,1.247502812004272243e+01
3.495700407028198242e+01,7.195176420877434111e+02,1.599065974153218122e+02,7.310000000000000000e+02,1.650000000000000000e+02,1.256134121480536514e+01
3.496700882911682129e+01,7.201464801175266075e+02,1.604855383267408797e+02,7.310000000000000000e+02,1.660000000000000000e+02,1.217407825607708993e+01
3.497701740264892578e+01,7.207751234095983364e+02,1.610642999525207415e+02,7.320000000000000000e+02,1.660000000000000000e+02,1.226209563771356414e+01
3.498702287673950195e+01,7.214038715604377785e+02,1.616431581167217360e+02,7.320000000000000000e+02,1.670000000000000000e+02,1.187323430536698865e+01
3.499703001976013184e+01,7.220326346911011797e+02,1.622220300721257331e+02,7.330000000000000000e+02,1.670000000000000000e+02,1.196294689658481047e+01
3.500703740119934082e+01,7.226614577410604170e+02,1.628009571923417980e+02,7.330000000000000000e+02,1.670000000000000000e+02,1.115873722875602247e+01
3.501704573631286621e+01,7.232901909120759001e+02,1.633897793249432766e+02,7.340000000000000000e+02,1.680000000000000000e+02,1.165993762301077297e+01
3.502705264091491699e+01,7.239189240830913832e+02,1.639786014575447552e+02,7.340000000000000000e+02,1.680000000000000000e+02,1.085355876566465660e+01
3.503705954551696777e+01,7.245475973348110301e+02,1.645673674744374182e+02,7.340000000000000000e+02,1.690000000000000000e+02,1.044012199409311847e+01
3.504706549644470215e+01,7.251763754452983903e+02,1.651562316938205015e+02,7.350000000000000000e+02,1.690000000000000000e+02,1.054884610672306700e+01
3.505707311630249023e+01,7.258051685356097096e+02,1.657451099421307958e+02,7.350000000000000000e+02,1.700000000000000000e+02,1.013158502225075708e+01
3.506708097457885742e+01,7.264339017066251927e+02,1.663339320747322745e+02,7.360000000000000000e+02,1.700000000000000000e+02,1.024452490802698001e+01
3.507708787918090820e+01,7.270626648372885938e+02,1.669327605002400219e+02,7.360000000000000000e+02,1.710000000000000000e+02,9.819286988322803111e+00
3.508709526062011719e+01,7.276913380890082408e+02,1.675315033258394237e+02,7.370000000000000000e+02,1.710000000000000000e+02,9.933864089658753116e+00
3.509710121154785156e+01,7.283201910986153962e+02,1.681354071819540366e+02,7.370000000000000000e+02,1.720000000000000000e+02,9.501271505111715143e+00
3.510711002349853516e+01,7.289488343906871251e+02,1.687391096408798603e+02,7.380000000000000000e+02,1.720000000000000000e+02,9.620655113941605663e+00
3.511711549758911133e+01,7.295776424608224033e+02,1.693429703404540021e+02,7.380000000000000000e+02,1.720000000000000000e+02,8.831529489813688016e+00
3.512712359428405762e+01,7.302063906116618455e+02,1.699467734979742204e+02,7.380000000000000000e+02,1.730000000000000000e+02,8.370336873188868765e+00
3.513713073730468750e+01,7.308351537423252466e+02,1.705505910410079196e+02,7.390000000000000000e+02,1.730000000000000000e+02,8.524336845752641167e+00
3.514713811874389648e+01,7.314645160659467820e+02,1.711549840045810242e+02,7.390000000000000000e+02,1.740000000000000000e+02,8.054665364530297467e+00
3.515715503692626953e+01,7.321554304861971332e+02,1.718184870430654030e+02,7.400000000000000000e+02,1.740000000000000000e+02,8.142252123224807292e+00
3.516815161705017090e+01,7.327842535361563705e+02,1.724223621281530541e+02,7.400000000000000000e+02,1.750000000000000000e+02,7.662324322870411208e+00
3.517815995216369629e+01,7.334129118080520584e+02,1.730260789725923587e+02,7.410000000000000000e+02,1.750000000000000000e+02,7.839660161948216022e+00
3.518816566467285156e+01,7.341045452598522161e+02,1.736902725157240184e+02,7.410000000000000000e+02,1.760000000000000000e+02,7.272010528392158335e+00
3.519917368888854980e+01,7.347333083905156172e+02,1.742940900587577175e+02,7.420000000000000000e+02,1.760000000000000000e+02,7.464243811330118383e+00
3.520918107032775879e+01,7.353620415615311003e+02,1.748978788307644550e+02,7.420000000000000000e+02,1.770000000000000000e+02,6.962859013436125011e+00
3.521918797492980957e+01,7.359909095509622148e+02,1.755017970723925487e+02,7.420000000000000000e+02,1.770000000000000000e+02,6.193042873822904859e+00
3.522919702529907227e+01,7.366195228833860256e+02,1.761054707602913822e+02,7.430000000000000000e+02,1.780000000000000000e+02,6.655804179492173844e+00
3.523920202255249023e+01,7.372483609131692219e+02,1.767093602308925142e+02,7.430000000000000000e+02,1.780000000000000000e+02,5.894667352680846406e+00
3.524921059608459473e+01,7.378770940841847050e+02,1.773131490028992516e+02,7.440000000000000000e+02,1.780000000000000000e+02,6.161310018668451072e+00
3.525921750068664551e+01,7.385058272552001881e+02,1.778720186686909699e+02,7.440000000000000000e+02,1.790000000000000000e+02,5.608767782096419907e+00
3.526922440528869629e+01,7.391346053656875483e+02,1.783960036256588921e+02,7.450000000000000000e+02,1.790000000000000000e+02,5.896411267579501292e+00
3.527923202514648438e+01,7.397633535165269905e+02,1.789199636161011711e+02,7.450000000000000000e+02,1.800000000000000000e+02,5.346863097500766493e+00
3.528923916816711426e+01,7.403920117884226784e+02,1.793340872404448305e+02,7.450000000000000000e+02,1.800000000000000000e+02,4.655856007371141025e+00
3.529924488067626953e+01,7.410208498182058747e+02,1.795087847283172664e+02,7.460000000000000000e+02,1.810000000000000000e+02,5.197659042238176319e+00
3.530925345420837402e+01,7.416495080901015626e+02,1.796834322776524857e+02,7.460000000000000000e+02,1.810000000000000000e+02,4.545341618142587414e+00
3.531925916671752930e+01,7.422783161602368409e+02,1.798581214424353902e+02,7.470000000000000000e+02,1.820000000000000000e+02,5.184779844702725349e+00
3.532926726341247559e+01,7.429070043917804469e+02,1.800327773148601409e+02,7.470000000000000000e+02,1.820000000000000000e+02,4.541208885509829152e+00
3.533927345275878906e+01,7.435358124619157252e+02,1.805118819713437119e+02,7.480000000000000000e+02,1.830000000000000000e+02,5.110743752108042770e+00
3.534928154945373535e+01,7.441644857136353721e+02,1.809908839062914865e+02,7.480000000000000000e+02,1.830000000000000000e+02,4.329863429590559143e+00
3.535928750038146973e+01,7.447933237434185685e+02,1.814700113897829965e+02,7.480000000000000000e+02,1.840000000000000000e+02,4.084558113474561658e+00
3.536929607391357422e+01,7.454220569144340516e+02,1.819490589787466774e+02,7.490000000000000000e+02,1.840000000000000000e+02,4.124079993914861575e+00
3.537930297851562500e+01,7.460507451459776576e+02,1.824280723271984073e+02,7.490000000000000000e+02,1.850000000000000000e+02,3.913172133716706913e+00
3.538930916786193848e+01,7.466796580748806491e+02,1.829072568782098074e+02,7.500000000000000000e+02,1.850000000000000000e+02,3.924824107333402257e+00
3.539931893348693848e+01,7.473082264678326965e+02,1.834410422141356491e+02,7.500000000000000000e+02,1.850000000000000000e+02,3.110626002364077269e+00
3.540932321548461914e+01,7.479370195581440157e+02,1.839750183648666564e+02,7.500000000000000000e+02,1.860000000000000000e+02,2.890750581787993045e+00
3.541933107376098633e+01,7.485657227695115807e+02,1.845188954738307245e+02,7.510000000000000000e+02,1.860000000000000000e+02,2.849451921390055986e+00
3.542933750152587891e+01,7.491944709203510229e+02,1.850578224602645321e+02,7.510000000000000000e+02,1.870000000000000000e+02,2.651789745306176727e+00
3.543934464454650879e+01,7.498232789904863012e+02,1.855968008060947625e+02,7.520000000000000000e+02,1.870000000000000000e+02,2.589803531358053412e+00
3.544935274124145508e+01,7.504520121615017842e+02,1.861357149526794785e+02,7.520000000000000000e+02,1.880000000000000000e+02,2.423184905408841683e+00
3.545935964584350586e+01,7.510807003930453902e+02,1.866745905797168632e+02,7.520000000000000000e+02,1.880000000000000000e+02,1.613016397536671143e+00
3.546936583518981934e+01,7.517094485438848324e+02,1.872135175661506707e+02,7.530000000000000000e+02,1.890000000000000000e+02,2.203869902542616721e+00
3.547937297821044922e+01,7.523382416341961516e+02,1.877474937168816780e+02,7.530000000000000000e+02,1.890000000000000000e+02,1.416579021432357033e+00
3.548938083648681641e+01,7.529669448455637166e+02,1.882813935416906190e+02,7.540000000000000000e+02,1.900000000000000000e+02,2.005196027985814311e+00
3.549938726425170898e+01,7.535956929964031588e+02,1.888153315294605932e+02,7.540000000000000000e+02,1.900000000000000000e+02,1.251760176011217141e+00
3.550939440727233887e+01,7.542245160463623961e+02,1.893393539362169804e+02,7.550000000000000000e+02,1.910000000000000000e+02,1.832790416689111357e+00
3.551940274238586426e+01,7.548531743182580840e+02,1.898632390270823294e+02,7.550000000000000000e+02,1.910000000000000000e+02,1.146203860736696223e+00
3.552940845489501953e+01,7.554821471664567980e+02,1.903724139216811864e+02,7.550000000000000000e+02,1.920000000000000000e+02,1.697498846084890545e+00
3.553941917419433594e+01,7.561107604988806088e+02,1.908763098471380601e+02,7.560000000000000000e+02,1.920000000000000000e+02,1.129135708296912899e+00
3.554942417144775391e+01,7.567396884076075594e+02,1.913804579366983205e+02,7.560000000000000000e+02,1.930000000000000000e+02,1.780464949150212473e+00
3.555943417549133301e+01,7.573683616593272063e+02,1.918844018934129565e+02,7.570000000000000000e+02,1.930000000000000000e+02,1.174840179549069275e+00
3.556944012641906738e+01,7.579971547496385256e+02,1.923884419126431737e+02,7.570000000000000000e+02,1.940000000000000000e+02,1.895108720799907776e+00
3.557944798469543457e+01,7.586257081627666139e+02,1.928873023533856212e+02,7.570000000000000000e+02,1.940000000000000000e+02,1.970031239160226155e+00
3.558945202827453613e+01,7.592544263539581380e+02,1.933862935726039609e+02,7.580000000000000000e+02,1.950000000000000000e+02,2.043926102217004104e+00
3.559945869445800781e+01,7.598832044644454982e+02,1.938853323476317030e+02,7.580000000000000000e+02,1.950000000000000000e+02,2.188365378574543829e+00
3.560946631431579590e+01,7.605119825749328584e+02,1.943843711226594451e+02,7.590000000000000000e+02,1.950000000000000000e+02,1.632510404719121233e+00
3.561947393417358398e+01,7.611406408468285463e+02,1.948833147860683539e+02,7.590000000000000000e+02,1.960000000000000000e+02,2.414400360777889443e+00
3.562947964668273926e+01,7.617693889976679884e+02,1.953823297831913806e+02,7.590000000000000000e+02,1.960000000000000000e+02,2.837434037495305983e+00
3.563948678970336914e+01,7.623982270274511848e+02,1.958814161140285250e+02,7.600000000000000000e+02,1.970000000000000000e+02,2.646265819065120262e+00
3.564949536323547363e+01,7.630268852993468727e+02,1.963803597774374339e+02,7.600000000000000000e+02,1.970000000000000000e+02,3.089658333994164341e+00
3.565950107574462891e+01,7.636557233291300690e+02,1.968794461082745784e+02,7.610000000000000000e+02,1.980000000000000000e+02,2.882448165214195779e+00
3.566950964927673340e+01,7.642844714799695112e+02,1.973784611053976050e+02,7.610000000000000000e+02,1.980000000000000000e+02,3.342762854322256061e+00
3.567951679229736328e+01,7.649132346106329123e+02,1.978774879914730036e+02,7.610000000000000000e+02,1.990000000000000000e+02,4.071048799405705410e+00
3.568952417373657227e+01,7.655419528018244364e+02,1.983764792106913433e+02,7.620000000000000000e+02,1.990000000000000000e+02,3.596415969413447211e+00
3.569953083992004395e+01,7.661706560131920014e+02,1.988754585409573110e+02,7.620000000000000000e+02,2.000000000000000000e+02,4.319602420765186856e+00
3.570953726768493652e+01,7.667994341236793616e+02,1.993744973159850531e+02,7.630000000000000000e+02,2.000000000000000000e+02,3.850578303046058082e+00
3.571954488754272461e+01,7.674281972543427628e+02,1.998735242020604517e+02,7.630000000000000000e+02,2.010000000000000000e+02,4.569231734844746207e+00
3.572955226898193359e+01,7.680569004657103278e+02,2.003725035323264194e+02,7.630000000000000000e+02,2.010000000000000000e+02,5.095683873342630399e+00
3.573955869674682617e+01,7.686856785761976880e+02,2.008715423073541615e+02,7.640000000000000000e+02,2.020000000000000000e+02,4.819647340161887783e+00
3.574956631660461426e+01,7.693144566866850482e+02,2.013705810823819036e+02,7.640000000000000000e+02,2.020000000000000000e+02,5.351599578491178733e+00
3.575957393646240234e+01,7.699432048375244904e+02,2.018695960795049302e+02,7.640000000000000000e+02,2.030000000000000000e+02,6.049751793606504613e+00
3.576958107948303223e+01,7.705719679681878915e+02,2.023686229655803288e+02,7.650000000000000000e+02,2.030000000000000000e+02,5.607625522278077312e+00
3.577958846092224121e+01,7.712005962804356614e+02,2.028675428510845506e+02,7.650000000000000000e+02,2.040000000000000000e+02,6.303162176803184913e+00
3.578959369659423828e+01,7.718294343102188577e+02,2.033666291819216951e+02,7.660000000000000000e+02,2.040000000000000000e+02,5.863741379899866324e+00
3.579960227012634277e+01,7.724581674812343408e+02,2.038656322900923783e+02,7.660000000000000000e+02,2.050000000000000000e+02,6.557035711123874400e+00
3.580960917472839355e+01,7.730869156320737829e+02,2.043646472872154050e+02,7.660000000000000000e+02,2.050000000000000000e+02,7.115338800491125326e+00
3.581961631774902344e+01,7.737155888837934299e+02,2.048586144352233021e+02,7.670000000000000000e+02,2.060000000000000000e+02,6.811893647408957086e+00
3.582962226867675781e+01,7.743443520144568311e+02,2.053376848511949220e+02,7.670000000000000000e+02,2.060000000000000000e+02,7.374155400355541623e+00
3.583962965011596680e+01,7.749731451047681503e+02,2.058167780941745093e+02,7.680000000000000000e+02,2.070000000000000000e+02,7.072818867366626350e+00
3.584963750839233398e+01,7.756018483161357153e+02,2.062908142140526593e+02,7.680000000000000000e+02,2.070000000000000000e+02,7.634857058290296372e+00
3.585964393615722656e+01,7.762306563862709936e+02,2.067499417838022850e+02,7.680000000000000000e+02,2.080000000000000000e+02,8.325043549000023191e+00
3.586965203285217285e+01,7.768594644564062719e+02,2.072090693535519108e+02,7.690000000000000000e+02,2.080000000000000000e+02,7.899161526959955104e+00
3.587966012954711914e+01,7.774881676677738369e+02,2.076581430759573266e+02,7.690000000000000000e+02,2.090000000000000000e+02,8.593577273804104522e+00
3.588966655731201172e+01,7.781169158186132790e+02,2.081072488979854995e+02,7.690000000000000000e+02,2.090000000000000000e+02,9.160521741354536118e+00
3.589967370033264160e+01,7.787456340098048031e+02,2.085563333202651677e+02,7.700000000000000000e+02,2.100000000000000000e+02,8.863988251099559790e+00
3.590968036651611328e+01,7.793743671808202862e+02,2.090054284424190882e+02,7.700000000000000000e+02,2.100000000000000000e+02,9.426978976532693011e+00
3.591968727111816406e+01,7.800031303114836874e+02,2.094545449643215136e+02,7.710000000000000000e+02,2.110000000000000000e+02,9.134811802815663739e+00
3.592969465255737305e+01,7.806319084219710476e+02,2.098887044769340946e+02,7.710000000000000000e+02,2.110000000000000000e+02,9.695805154231551981e+00
3.593970227241516113e+01,7.812605367342188174e+02,2.102978203178314800e+02,7.710000000000000000e+02,2.120000000000000000e+02,1.040077063224841325e+01
3.594970750808715820e+01,7.818893897438259728e+02,2.107070823933914028e+02,7.720000000000000000e+02,2.120000000000000000e+02,9.973548287483689379e+00
3.595971632003784180e+01,7.825180330358977017e+02,2.108617539294088203e+02,7.720000000000000000e+02,2.130000000000000000e+02,1.073317824330864489e+01
3.596972179412841797e+01,7.831468261262090209e+02,2.110164623218185511e+02,7.720000000000000000e+02,2.130000000000000000e+02,1.132193245027992035e+01
3.597972965240478516e+01,7.837755742770484630e+02,2.111711596573105965e+02,7.730000000000000000e+02,2.140000000000000000e+02,1.114070638176123929e+01
3.598973679542541504e+01,7.844042774884160281e+02,2.115104640669246692e+02,7.730000000000000000e+02,2.140000000000000000e+02,1.167284601949609524e+01
3.599974322319030762e+01,7.850330256392554702e+02,2.118497927298918171e+02,7.740000000000000000e+02,2.150000000000000000e+02,1.147394703670498295e+01
3.600975036621093750e+01,7.856618936286865846e+02,2.122041559171489666e+02,7.740000000000000000e+02,2.150000000000000000e+02,1.199235202712186421e+01
3.601975941658020020e+01,7.862905219409343545e+02,2.125583840478091986e+02,7.740000000000000000e+02,2.160000000000000000e+02,1.276329306812951714e+01
3.602976465225219727e+01,7.869192700917737966e+02,2.129126797067679036e+02,7.750000000000000000e+02,2.160000000000000000e+02,1.231261735431001192e+01
3.603977179527282715e+01,7.875230588637805340e+02,2.132270558862752807e+02,7.750000000000000000e+02,2.170000000000000000e+02,1.307907147281496485e+01
3.604977869987487793e+01,7.881269483343816091e+02,2.135414844967665431e+02,7.750000000000000000e+02,2.170000000000000000e+02,1.357490707370147298e+01
3.605978727340698242e+01,7.887206886078383832e+02,2.137460617590494394e+02,7.760000000000000000e+02,2.180000000000000000e+02,1.341312451352818869e+01
3.606979298591613770e+01,7.893145420636094514e+02,2.139506780190710060e+02,7.760000000000000000e+02,2.180000000000000000e+02,1.391668203520006131e+01
3.607980060577392578e+01,7.899083530760126450e+02,2.141552796549405855e+02,7.770000000000000000e+02,2.190000000000000000e+02,1.378756303183553023e+01
3.608980751037597656e+01,7.904922558791379288e+02,2.142051935863478604e+02,7.770000000000000000e+02,2.190000000000000000e+02,1.431890838201472960e+01
3.609981560707092285e+01,7.910711140433388664e+02,2.143698881076239786e+02,7.770000000000000000e+02,2.200000000000000000e+02,1.515567254665137398e+01
3.610982275009155273e+01,7.916499859987428636e+02,2.145345865527206968e+02,7.780000000000000000e+02,2.210000000000000000e+02,1.510376406099275215e+01
3.611983013153076172e+01,7.922239726946612564e+02,2.145695370567422060e+02,7.780000000000000000e+02,2.210000000000000000e+02,1.561000489695889470e+01
3.612983965873718262e+01,7.927975902497180414e+02,2.146044650834846266e+02,7.780000000000000000e+02,2.220000000000000000e+02,1.654275109828919810e+01
3.613984274864196777e+01,7.933665732053299280e+02,2.146044650834846266e+02,7.790000000000000000e+02,2.220000000000000000e+02,1.615835271200322154e+01
3.614985203742980957e+01,7.939353393125951470e+02,2.146044650834846266e+02,7.790000000000000000e+02,2.230000000000000000e+02,1.713328243264491491e+01
3.615985751152038574e+01,7.945043493742504097e+02,2.146044650834846266e+02,7.790000000000000000e+02,2.230000000000000000e+02,1.763150180935384270e+01
3.616986727714538574e+01,7.950681676173651340e+02,2.146044650834846266e+02,7.800000000000000000e+02,2.240000000000000000e+02,1.775741399282200561e+01
3.617987346649169922e+01,7.956319992946395132e+02,2.146044650834846266e+02,7.800000000000000000e+02,2.240000000000000000e+02,1.823829702343587300e+01
3.618987989425659180e+01,7.961959787476691872e+02,2.146044650834846266e+02,7.800000000000000000e+02,2.250000000000000000e+02,1.924517793618552730e+01
3.619988894462585449e+01,7.967548084675685232e+02,2.146044650834846266e+02,7.810000000000000000e+02,2.250000000000000000e+02,1.887541088427637703e+01
3.620989513397216797e+01,7.973135849262779402e+02,2.146044650834846266e+02,7.810000000000000000e+02,2.260000000000000000e+02,1.989952937082693651e+01
3.621990036964416504e+01,7.978725211685570002e+02,2.146044650834846266e+02,7.820000000000000000e+02,2.260000000000000000e+02,1.953957891766890498e+01
3.622990846633911133e+01,7.984263227759346364e+02,2.146044650834846266e+02,7.820000000000000000e+02,2.270000000000000000e+02,2.057846850000603922e+01
3.623991394042968750e+01,7.989803091334076726e+02,2.146044650834846266e+02,7.820000000000000000e+02,2.270000000000000000e+02,2.102332476400057359e+01
3.624992275238037109e+01,7.995241214488157766e+02,2.146044650834846266e+02,7.830000000000000000e+02,2.280000000000000000e+02,2.127174053421101974e+01
3.625992798805236816e+01,8.000531334485464185e+02,2.146044650834846266e+02,7.830000000000000000e+02,2.280000000000000000e+02,2.168524189658753087e+01
3.626993632316589355e+01,8.006340788050566744e+02,2.146044650834846266e+02,7.830000000000000000e+02,2.290000000000000000e+02,2.276383449323866515e+01
3.628092718124389648e+01,8.011439327935418078e+02,2.146044650834846266e+02,7.840000000000000000e+02,2.290000000000000000e+02,2.238628725720483459e+01
3.629095125198364258e+01,8.016478887580708488e+02,2.146044650834846266e+02,7.840000000000000000e+02,2.300000000000000000e+02,2.341944647046312156e+01
3.630095744132995605e+01,8.021518807460432754e+02,2.146044650834846266e+02,7.840000000000000000e+02,2.300000000000000000e+02,2.380153923560870410e+01
3.631096434593200684e+01,8.026409177458385784e+02,2.146044650834846266e+02,7.850000000000000000e+02,2.310000000000000000e+02,2.408351187252634062e+01
3.632097148895263672e+01,8.031299547456338814e+02,2.146044650834846266e+02,7.850000000000000000e+02,2.310000000000000000e+02,2.444399362373929563e+01
3.633097863197326660e+01,8.036090594021173956e+02,2.146144632219941286e+02,7.850000000000000000e+02,2.320000000000000000e+02,2.546672301044892350e+01
3.634098672866821289e+01,8.040781547447688808e+02,2.146244611223222591e+02,7.860000000000000000e+02,2.330000000000000000e+02,2.577751167240266739e+01
3.635099458694458008e+01,8.045932924166495468e+02,2.146354403298104785e+02,7.860000000000000000e+02,2.330000000000000000e+02,2.613364832492755951e+01
3.636198472976684570e+01,8.050481229114132020e+02,2.146354403298104785e+02,7.860000000000000000e+02,2.340000000000000000e+02,2.716278994633347565e+01
3.637200808525085449e+01,8.054773545341930685e+02,2.146454394210453529e+02,7.870000000000000000e+02,2.340000000000000000e+02,2.675839393137582434e+01
3.638201713562011719e+01,8.059486392206086975e+02,2.146564181521708861e+02,7.870000000000000000e+02,2.350000000000000000e+02,2.780129944286979438e+01
3.639300680160522461e+01,8.063635029329220743e+02,2.147464061948417964e+02,7.870000000000000000e+02,2.350000000000000000e+02,2.802058721471811964e+01
3.640303039550781250e+01,8.068019812219960158e+02,2.147683459160110431e+02,7.880000000000000000e+02,2.360000000000000000e+02,2.836014162543014905e+01
3.641402173042297363e+01,8.072011875461323598e+02,2.147883206232172881e+02,7.880000000000000000e+02,2.360000000000000000e+02,2.861155265212248722e+01
3.642402863502502441e+01,8.075904346577234492e+02,2.147883206232172881e+02,7.890000000000000000e+02,2.370000000000000000e+02,2.896485735335286549e+01
3.643403601646423340e+01,8.079796724957855076e+02,2.147883206232172881e+02,7.890000000000000000e+02,2.370000000000000000e+02,2.921620558498778308e+01
3.644404315948486328e+01,8.083539522547988554e+02,2.147883206232172881e+02,7.890000000000000000e+02,2.380000000000000000e+02,3.022180549490042623e+01
3.645405054092407227e+01,8.087132283525220373e+02,2.147883206232172881e+02,7.900000000000000000e+02,2.390000000000000000e+02,3.060049564333493066e+01
3.646405744552612305e+01,8.090725044502452192e+02,2.147883206232172881e+02,7.900000000000000000e+02,2.390000000000000000e+02,3.082151593041375648e+01
3.647406435012817383e+01,8.094218194327153242e+02,2.147834082613455848e+02,7.900000000000000000e+02,2.400000000000000000e+02,3.182897373449186063e+01
3.648407173156738281e+01,8.097661452976594774e+02,2.147834274502591541e+02,7.910000000000000000e+02,2.400000000000000000e+02,3.143316306847292907e+01
3.649407911300659180e+01,8.101110125812696197e+02,2.147834466693454090e+02,7.910000000000000000e+02,2.410000000000000000e+02,3.244284929565376530e+01
3.650410223007202148e+01,8.104454080046954232e+02,2.147884556917004488e+02,7.910000000000000000e+02,2.410000000000000000e+02,3.263692613428879952e+01
3.651411104202270508e+01,8.107797317378208390e+02,2.147934636401821820e+02,7.920000000000000000e+02,2.420000000000000000e+02,3.305864402607288355e+01
3.652411770820617676e+01,8.110991348421432576e+02,2.148733336065478170e+02,7.920000000000000000e+02,2.420000000000000000e+02,3.317578908390904502e+01
3.653412580490112305e+01,8.113984730467026338e+02,2.150479603481591653e+02,7.920000000000000000e+02,2.430000000000000000e+02,3.402377517621656722e+01
3.654413032531738281e+01,8.116979396552389971e+02,2.152226619975763811e+02,7.920000000000000000e+02,2.430000000000000000e+02,3.405274340141076550e+01
3.655413913726806641e+01,8.119823893329038356e+02,2.154472245028186705e+02,7.930000000000000000e+02,2.440000000000000000e+02,3.428690848382775869e+01
3.656414628028869629e+01,8.122618100632694222e+02,2.157366218041668162e+02,7.930000000000000000e+02,2.440000000000000000e+02,3.420286353442012484e+01
3.657415199279785156e+01,8.125412640841644816e+02,2.160260535846654193e+02,7.930000000000000000e+02,2.450000000000000000e+02,3.494782644007687367e+01
3.658415889739990234e+01,8.128157946176959285e+02,2.163604649392691215e+02,7.940000000000000000e+02,2.460000000000000000e+02,3.510749443796309777e+01
3.659416818618774414e+01,8.130902989942520662e+02,2.166948444315170832e+02,7.940000000000000000e+02,2.460000000000000000e+02,3.497472885646044460e+01
3.660417652130126953e+01,8.133547107575064956e+02,2.170390554500775124e+02,7.940000000000000000e+02,2.470000000000000000e+02,3.566879626270372938e+01
3.661418056488037109e+01,8.136092072547318139e+02,2.173883621103723556e+02,7.950000000000000000e+02,2.470000000000000000e+02,3.497358564911517220e+01
3.662418770790100098e+01,8.138637280053102359e+02,2.177377020593680754e+02,7.950000000000000000e+02,2.480000000000000000e+02,3.566015859339244543e+01
3.663419580459594727e+01,8.141082465052079442e+02,2.180969867169906138e+02,7.950000000000000000e+02,2.480000000000000000e+02,3.548683259897433118e+01
3.664420294761657715e+01,8.143477760064417907e+02,2.184512823759493187e+02,7.960000000000000000e+02,2.490000000000000000e+02,3.563516567741120866e+01
3.665421009063720703e+01,8.145873055076756373e+02,2.188055780349080237e+02,7.960000000000000000e+02,2.490000000000000000e+02,3.545688993470377426e+01
3.666421723365783691e+01,8.148218515981354813e+02,2.191050018421186962e+02,7.960000000000000000e+02,2.500000000000000000e+02,3.617682972231984451e+01
3.667422461509704590e+01,8.150563529854762237e+02,2.194043685808951523e+02,7.970000000000000000e+02,2.500000000000000000e+02,3.552639223267445345e+01
3.668423008918762207e+01,8.152859263654935376e+02,2.196888453664319911e+02,7.970000000000000000e+02,2.510000000000000000e+02,3.625966778021358294e+01
3.669423818588256836e+01,8.155104835205701193e+02,2.200680961713613897e+02,7.970000000000000000e+02,2.520000000000000000e+02,3.690913819485254521e+01
3.670424509048461914e+01,8.157350353254810216e+02,2.204473379404858235e+02,7.980000000000000000e+02,2.520000000000000000e+02,3.619533065241931524e+01
3.671425175666809082e+01,8.159595978307232826e+02,2.208665097705309108e+02,7.980000000000000000e+02,2.530000000000000000e+02,3.681179632357956422e+01
3.672425889968872070e+01,8.161791608746945030e+02,2.213006279099915901e+02,7.980000000000000000e+02,2.530000000000000000e+02,3.654219589746664099e+01
3.673426556587219238e+01,8.163987553064873737e+02,2.217348081091801077e+02,7.990000000000000000e+02,2.540000000000000000e+02,3.665732251496898897e+01
3.674427366256713867e+01,8.166133551517265232e+02,2.221789566755809062e+02,7.990000000000000000e+02,2.540000000000000000e+02,3.637044236678195830e+01
3.675428152084350586e+01,8.168279089849919501e+02,2.226230100128722711e+02,7.990000000000000000e+02,2.550000000000000000e+02,3.696084170312854411e+01
3.676527333259582520e+01,8.170425037177896002e+02,2.230671479982609071e+02,7.990000000000000000e+02,2.550000000000000000e+02,3.667749960631754647e+01
3.677429485321044922e+01,8.172570984505872502e+02,2.235212644564256266e+02,8.000000000000000000e+02,2.560000000000000000e+02,3.677873991102335083e+01
3.678430247306823730e+01,8.174716727336187887e+02,2.239753376396449482e+02,8.000000000000000000e+02,2.560000000000000000e+02,3.648065716794887692e+01
3.679430913925170898e+01,8.176713330482390347e+02,2.244445000342321634e+02,8.000000000000000000e+02,2.570000000000000000e+02,3.704236209696804139e+01
3.680431842803955078e+01,8.178659615614982386e+02,2.249335370340275233e+02,8.010000000000000000e+02,2.580000000000000000e+02,3.711942392432789006e+01
3.681532478332519531e+01,8.180605668897917440e+02,2.254225157776820367e+02,8.010000000000000000e+02,2.580000000000000000e+02,3.677438539060080558e+01
3.682433152198791504e+01,8.182552232250097859e+02,2.259265918203556112e+02,8.010000000000000000e+02,2.590000000000000000e+02,3.730406220724876221e+01
3.683434009552001953e+01,8.184498053683375929e+02,2.264504269781696451e+02,8.020000000000000000e+02,2.590000000000000000e+02,3.647013573541583042e+01
3.684434485435485840e+01,8.186444431555830761e+02,2.269744119351375673e+02,8.020000000000000000e+02,2.600000000000000000e+02,3.698279268780847673e+01
3.685435247421264648e+01,8.188530407480676558e+02,2.275672149284109196e+02,8.020000000000000000e+02,2.600000000000000000e+02,3.655010984875312374e+01
3.686536002159118652e+01,8.190558382484467757e+02,2.281645855971987658e+02,8.020000000000000000e+02,2.610000000000000000e+02,3.700089265627070034e+01
3.687635064125061035e+01,8.192404931636472156e+02,2.287085145410076166e+02,8.030000000000000000e+02,2.620000000000000000e+02,3.704155264381844859e+01
3.688635802268981934e+01,8.194251524781166154e+02,2.292524564435276773e+02,8.030000000000000000e+02,2.620000000000000000e+02,3.663587371569609985e+01
3.689636564254760742e+01,8.196097853969722564e+02,2.297963205937805355e+02,8.030000000000000000e+02,2.630000000000000000e+02,3.712639623023591184e+01
3.690637183189392090e+01,8.197894554750536145e+02,2.303402624963005962e+02,8.040000000000000000e+02,2.630000000000000000e+02,3.627623682259848437e+01
3.691637945175170898e+01,8.199691041511007370e+02,2.308891282473422280e+02,8.040000000000000000e+02,2.640000000000000000e+02,3.676060548480741375e+01
3.692638587951660156e+01,8.201487699487752252e+02,2.314380463086770305e+02,8.040000000000000000e+02,2.640000000000000000e+02,3.634643860207389565e+01
3.693639326095581055e+01,8.203234424673790954e+02,2.319869512924385333e+02,8.050000000000000000e+02,2.650000000000000000e+02,3.639600629215934902e+01
3.694640040397644043e+01,8.204931421580497499e+02,2.325309191123809853e+02,8.050000000000000000e+02,2.650000000000000000e+02,3.597608466212359701e+01
3.695640850067138672e+01,8.206630965377289613e+02,2.330757033311288922e+02,8.050000000000000000e+02,2.660000000000000000e+02,3.646014130924418595e+01
3.696643161773681641e+01,8.208494682517534784e+02,2.336511942305018010e+02,8.050000000000000000e+02,2.670000000000000000e+02,3.692354926215866584e+01
3.697742295265197754e+01,8.210194226314326897e+02,2.341759905995531597e+02,8.060000000000000000e+02,2.670000000000000000e+02,3.609707258632221993e+01
3.698744606971740723e+01,8.211891223221033442e+02,2.347000005230467252e+02,8.060000000000000000e+02,2.680000000000000000e+02,3.660053827583559638e+01
3.699843931198120117e+01,8.213539110150734359e+02,2.352192682604426466e+02,8.060000000000000000e+02,2.680000000000000000e+02,3.619832809453519928e+01
3.700746703147888184e+01,8.215184995931938374e+02,2.357379054134013927e+02,8.070000000000000000e+02,2.690000000000000000e+02,3.629261311514234478e+01
3.701746773719787598e+01,8.216731969286859112e+02,2.362169644158690573e+02,8.070000000000000000e+02,2.690000000000000000e+02,3.591698943701146618e+01
3.702747488021850586e+01,8.218179266105953502e+02,2.367309831455995379e+02,8.070000000000000000e+02,2.700000000000000000e+02,3.641975331458701248e+01
3.703848338127136230e+01,8.219626356050146114e+02,2.372449284020982248e+02,8.070000000000000000e+02,2.710000000000000000e+02,3.692269387284635940e+01
3.704847455024719238e+01,8.220973929968055245e+02,2.377090565024206228e+02,8.080000000000000000e+02,2.710000000000000000e+02,3.615277870738850652e+01
3.705749750137329102e+01,8.222321343376421510e+02,2.381731293204403244e+02,8.080000000000000000e+02,2.720000000000000000e+02,3.669892134349927915e+01
3.706750464439392090e+01,8.223693701512953567e+02,2.388098553724974806e+02,8.080000000000000000e+02,2.720000000000000000e+02,3.616717432893358364e+01
3.707851219177246094e+01,8.224891273745130320e+02,2.394235487879193442e+02,8.090000000000000000e+02,2.730000000000000000e+02,3.618472928353989460e+01
3.708851790428161621e+01,8.226208782977612373e+02,2.400987036712807310e+02,8.090000000000000000e+02,2.730000000000000000e+02,3.560931936603982706e+01
3.709952569007873535e+01,8.227356827871399219e+02,2.407275566808878580e+02,8.090000000000000000e+02,2.740000000000000000e+02,3.599617293619506597e+01
3.710953450202941895e+01,8.228504626638361970e+02,2.413562748720793820e+02,8.090000000000000000e+02,2.750000000000000000e+02,3.638317683333050923e+01
3.711954116821289062e+01,8.229652316015625502e+02,2.419849331439750983e+02,8.100000000000000000e+02,2.750000000000000000e+02,3.546959077843935404e+01
3.712954688072204590e+01,8.230800169477438430e+02,2.426136812948145405e+02,8.100000000000000000e+02,2.760000000000000000e+02,3.585712091115909317e+01
3.713955402374267578e+01,8.231898316064239225e+02,2.432425343044216675e+02,8.100000000000000000e+02,2.760000000000000000e+02,3.531321589154421048e+01
3.714956283569335938e+01,8.232996096427785915e+02,2.438711775964934247e+02,8.110000000000000000e+02,2.770000000000000000e+02,3.533835411005740923e+01
3.715956830978393555e+01,8.234094164538175846e+02,2.444999856666286746e+02,8.110000000000000000e+02,2.770000000000000000e+02,3.478856922027147647e+01
3.716957640647888184e+01,8.235192206489762157e+02,2.451287787569399939e+02,8.110000000000000000e+02,2.780000000000000000e+02,3.517453726302525041e+01
3.717958426475524902e+01,8.236290013012113604e+02,2.457574370288357102e+02,8.110000000000000000e+02,2.790000000000000000e+02,3.556064772691608056e+01
3.718958997726440430e+01,8.237387950328484294e+02,2.463861701998511933e+02,8.120000000000000000e+02,2.790000000000000000e+02,3.466210038437228746e+01
3.719959688186645508e+01,8.238593949663675176e+02,2.470767850236224490e+02,8.120000000000000000e+02,2.800000000000000000e+02,3.499404711303158422e+01
3.721058869361877441e+01,8.239691965456456728e+02,2.477055631341098092e+02,8.120000000000000000e+02,2.800000000000000000e+02,3.444114281543606637e+01
3.722059631347656250e+01,8.240791707730294320e+02,2.483353299129781533e+02,8.120000000000000000e+02,2.810000000000000000e+02,3.482652779790124953e+01
3.723160409927368164e+01,8.241889723523075872e+02,2.489641080234655135e+02,8.130000000000000000e+02,2.810000000000000000e+02,3.393363341926252019e+01
3.724062728881835938e+01,8.242987530045427320e+02,2.495927662953612298e+02,8.130000000000000000e+02,2.820000000000000000e+02,3.432041106753732151e+01
3.725063300132751465e+01,8.244085624314620873e+02,2.502215893453204387e+02,8.130000000000000000e+02,2.830000000000000000e+02,3.470705262334124797e+01
3.726064133644104004e+01,8.245291492855792512e+02,2.509121292699719277e+02,8.140000000000000000e+02,2.830000000000000000e+02,3.377120715439420451e+01
3.727163195610046387e+01,8.246389534807378823e+02,2.515409223602832469e+02,8.140000000000000000e+02,2.840000000000000000e+02,3.415814767206302349e+01
3.728163981437683105e+01,8.247489198604805551e+02,2.521706441996797423e+02,8.140000000000000000e+02,2.840000000000000000e+02,3.359534445173042627e+01
3.729166245460510254e+01,8.248587135921176241e+02,2.527993773706952254e+02,8.140000000000000000e+02,2.850000000000000000e+02,3.398222709874287517e+01
3.730166935920715332e+01,8.249685282507977035e+02,2.534282303803023524e+02,8.150000000000000000e+02,2.850000000000000000e+02,3.310812879650880092e+01
3.731167817115783691e+01,8.250783036712720104e+02,2.540568586925501506e+02,8.150000000000000000e+02,2.860000000000000000e+02,3.349532029221520446e+01
3.732168340682983398e+01,8.251990971799398267e+02,2.547485820232940341e+02,8.150000000000000000e+02,2.870000000000000000e+02,3.382566399635118870e+01
3.733269286155700684e+01,8.253088909115768956e+02,2.553773151943095172e+02,8.150000000000000000e+02,2.870000000000000000e+02,3.326059870397465801e+01
3.734269976615905762e+01,8.254186872590943267e+02,2.560060633451489593e+02,8.160000000000000000e+02,2.880000000000000000e+02,3.335151649264612672e+01
3.735270690917968750e+01,8.255284783748509199e+02,2.566347815363404834e+02,8.160000000000000000e+02,2.880000000000000000e+02,3.278061667225144760e+01
3.736271357536315918e+01,8.256382799541290751e+02,2.572635596468278436e+02,8.160000000000000000e+02,2.890000000000000000e+02,3.316772658420562436e+01
3.737272119522094727e+01,8.257480710698856683e+02,2.578922778380193677e+02,8.160000000000000000e+02,2.900000000000000000e+02,3.355489102969169579e+01
3.738272786140441895e+01,8.258579432779342824e+02,2.585214604037535082e+02,8.170000000000000000e+02,2.900000000000000000e+02,3.270109500043628969e+01
3.739274191856384277e+01,8.259676794602028167e+02,2.591498640186420062e+02,8.170000000000000000e+02,2.910000000000000000e+02,3.308852424832419814e+01
3.740274357795715332e+01,8.260774915030025340e+02,2.597787020484252025e+02,8.170000000000000000e+02,2.910000000000000000e+02,3.251415534452789302e+01
3.741275215148925781e+01,8.261872669234768409e+02,2.604073303606730292e+02,8.170000000000000000e+02,2.920000000000000000e+02,3.290140800122183151e+01
3.742275738716125488e+01,8.262970606551139099e+02,2.610360635316885123e+02,8.180000000000000000e+02,2.920000000000000000e+02,3.205630323553027949e+01
3.743276429176330566e+01,8.264068831614351893e+02,2.616649614807674880e+02,8.180000000000000000e+02,2.930000000000000000e+02,3.244318608724808684e+01
3.744277381896972656e+01,8.265166481183879341e+02,2.622935298737194785e+02,8.180000000000000000e+02,2.940000000000000000e+02,3.283037531069603432e+01
3.745277810096740723e+01,8.266264470817857273e+02,2.629222930043828796e+02,8.180000000000000000e+02,2.940000000000000000e+02,3.225274347028913979e+01
3.746278548240661621e+01,8.267362277340208720e+02,2.635509512762786244e+02,8.190000000000000000e+02,2.950000000000000000e+02,3.238660039552831194e+01
3.747279119491577148e+01,8.268460476244617894e+02,2.641798342455336410e+02,8.190000000000000000e+02,2.950000000000000000e+02,3.180319292866839476e+01
3.748280048370361328e+01,8.269558204290557342e+02,2.648084475779575087e+02,8.190000000000000000e+02,2.960000000000000000e+02,3.219018516871881985e+01
3.749280548095703125e+01,8.270656141606928031e+02,2.654371807489729918e+02,8.190000000000000000e+02,2.970000000000000000e+02,3.257707308617779063e+01
3.750281238555908203e+01,8.271754235876121584e+02,2.660660037989322291e+02,8.200000000000000000e+02,2.970000000000000000e+02,3.175529600915941941e+01
3.751282072067260742e+01,8.272960104417293223e+02,2.667565437235837180e+02,8.200000000000000000e+02,2.980000000000000000e+02,3.208403541423925986e+01
3.752381134033203125e+01,8.274059820532327194e+02,2.673862955226281315e+02,8.200000000000000000e+02,2.980000000000000000e+02,3.149678510579553503e+01
3.753383445739746094e+01,8.275157862483913505e+02,2.680150886129394507e+02,8.200000000000000000e+02,2.990000000000000000e+02,3.188340911187984972e+01
3.754384231567382812e+01,8.276255773641479436e+02,2.686438068041309748e+02,8.210000000000000000e+02,2.990000000000000000e+02,3.107083424617424683e+01
3.755384898185729980e+01,8.277353946387084989e+02,2.692726747935620324e+02,8.210000000000000000e+02,3.000000000000000000e+02,3.145686022605150711e+01
3.756484150886535645e+01,8.278559710293041007e+02,2.699631547989176852e+02,8.210000000000000000e+02,3.010000000000000000e+02,3.178506093734293003e+01
3.757484769821166992e+01,8.279659400249271357e+02,2.705928916181381396e+02,8.210000000000000000e+02,3.010000000000000000e+02,3.119481624528626185e+01
3.758487057685852051e+01,8.280757389883249289e+02,2.712216547488015408e+02,8.220000000000000000e+02,3.020000000000000000e+02,3.137229893801572089e+01
3.759487795829772949e+01,8.281855457993639220e+02,2.718504628189368191e+02,8.220000000000000000e+02,3.020000000000000000e+02,3.077751726615290195e+01
3.760488605499267578e+01,8.283063288445101762e+02,2.725421262303848948e+02,8.220000000000000000e+02,3.030000000000000000e+02,3.110388815021216757e+01
3.761589455604553223e+01,8.284161225761472451e+02,2.731708594014003779e+02,8.220000000000000000e+02,3.040000000000000000e+02,3.148972116358558537e+01
3.762590146064758301e+01,8.285308887791311463e+02,2.737995026934721636e+02,8.230000000000000000e+02,3.040000000000000000e+02,3.070278111586495839e+01
3.763590693473815918e+01,8.286456877990248131e+02,2.744283257434314010e+02,8.230000000000000000e+02,3.050000000000000000e+02,3.108860012245319382e+01
3.764591526985168457e+01,8.287604868189184799e+02,2.750571487933906383e+02,8.230000000000000000e+02,3.050000000000000000e+02,3.049192592756451958e+01
3.765690612792968750e+01,8.288752694303573207e+02,2.756858819644061214e+02,8.230000000000000000e+02,3.060000000000000000e+02,3.087822117861081139e+01
3.766593050956726074e+01,8.289900493070535958e+02,2.763146001555976454e+02,8.230000000000000000e+02,3.070000000000000000e+02,3.126458786409603974e+01
3.767593717575073242e+01,8.291048401227197928e+02,2.769433782660850056e+02,8.240000000000000000e+02,3.070000000000000000e+02,3.048704483439123081e+01
3.768594479560852051e+01,8.292196008562186762e+02,2.775719915985088733e+02,8.240000000000000000e+02,3.080000000000000000e+02,3.087244610294839120e+01
3.769594979286193848e+01,8.293344080803398128e+02,2.782008595879399309e+02,8.240000000000000000e+02,3.080000000000000000e+02,3.027283731111549159e+01
3.770595884323120117e+01,8.294491879570360879e+02,2.788295777791314549e+02,8.240000000000000000e+02,3.090000000000000000e+02,3.065857182545503790e+01
3.771596550941467285e+01,8.295639760379598329e+02,2.794583409097948561e+02,8.250000000000000000e+02,3.100000000000000000e+02,3.088078394823198281e+01
3.772597289085388184e+01,8.296787422409437340e+02,2.800869842018666418e+02,8.250000000000000000e+02,3.100000000000000000e+02,3.027670958173240834e+01
3.773597836494445801e+01,8.297935412608374008e+02,2.807158072518258791e+02,8.250000000000000000e+02,3.110000000000000000e+02,3.066121928801776519e+01
3.774598670005798340e+01,8.299083156680487718e+02,2.813444954833694851e+02,8.250000000000000000e+02,3.110000000000000000e+02,3.005895059434221039e+01
3.775599288940429688e+01,8.300231037489725168e+02,2.819732586140328863e+02,8.250000000000000000e+02,3.120000000000000000e+02,3.044399398128787126e+01
3.776600027084350586e+01,8.301378863604113576e+02,2.826019917850483694e+02,8.260000000000000000e+02,3.120000000000000000e+02,2.968779194446838687e+01
3.777600717544555664e+01,8.302526935845324942e+02,2.832308597744794270e+02,8.260000000000000000e+02,3.130000000000000000e+02,3.007136698739568104e+01
3.778601622581481934e+01,8.303724393933318879e+02,2.838594581270793356e+02,8.260000000000000000e+02,3.140000000000000000e+02,3.045604193984576824e+01
3.779602098464965820e+01,8.305021917355046526e+02,2.844882062779187777e+02,8.260000000000000000e+02,3.140000000000000000e+02,2.985323599072501111e+01
3.780602812767028809e+01,8.306319595343212541e+02,2.851170293278780150e+02,8.260000000000000000e+02,3.150000000000000000e+02,3.023982449219062829e+01
3.781603646278381348e+01,8.307666816140127821e+02,2.857456875997737598e+02,8.270000000000000000e+02,3.150000000000000000e+02,2.949580791216563114e+01
3.782604217529296875e+01,8.309014293752311460e+02,2.863744657102611200e+02,8.270000000000000000e+02,3.160000000000000000e+02,2.988132247947554632e+01
3.783604979515075684e+01,8.310411663728375515e+02,2.870032438207484802e+02,8.270000000000000000e+02,3.170000000000000000e+02,3.026774532287493003e+01
3.784605741500854492e+01,8.311858857110019017e+02,2.876319919715879223e+02,8.270000000000000000e+02,3.170000000000000000e+02,2.966481981645002719e+01
3.785606455802917480e+01,8.313305878095910657e+02,2.882606652233075692e+02,8.280000000000000000e+02,3.180000000000000000e+02,2.992525435343172546e+01
3.786607050895690918e+01,8.314903085520372770e+02,2.888894732934428475e+02,8.280000000000000000e+02,3.180000000000000000e+02,2.931902145232002255e+01
3.787607860565185547e+01,8.316500216845665818e+02,2.895182514039302077e+02,8.280000000000000000e+02,3.190000000000000000e+02,2.970683689960392826e+01
3.788608622550964355e+01,8.318097081823864301e+02,2.901469246556498547e+02,8.280000000000000000e+02,3.200000000000000000e+02,3.009518207205912077e+01
3.789609217643737793e+01,8.319744301704066629e+02,2.907757776652569532e+02,8.280000000000000000e+02,3.200000000000000000e+02,2.949324102654594526e+01
3.790610098838806152e+01,8.321391246916828095e+02,2.914045258160963954e+02,8.290000000000000000e+02,3.210000000000000000e+02,2.976148847084159854e+01
3.791610813140869141e+01,8.323038152891383561e+02,2.920332589871118785e+02,8.290000000000000000e+02,3.210000000000000000e+02,2.915454133359808253e+01
3.792611503601074219e+01,8.324684901913116164e+02,2.926619322388315254e+02,8.290000000000000000e+02,3.220000000000000000e+02,2.954238724555173690e+01
3.793612098693847656e+01,8.326331768649465630e+02,2.932906504300230495e+02,8.290000000000000000e+02,3.230000000000000000e+02,2.993067700542492560e+01
3.794612765312194824e+01,8.327979027767873959e+02,2.939195184194541071e+02,8.290000000000000000e+02,3.230000000000000000e+02,2.932743552475051274e+01
3.795613670349121094e+01,8.329625619836782562e+02,2.945481317518779747e+02,8.300000000000000000e+02,3.240000000000000000e+02,2.960049521227430347e+01
3.796614170074462891e+01,8.331272643525956028e+02,2.951769098623653349e+02,8.300000000000000000e+02,3.240000000000000000e+02,2.899224564281331951e+01
3.797614932060241699e+01,8.332919510262305494e+02,2.958056280535568590e+02,8.300000000000000000e+02,3.250000000000000000e+02,2.937938554337661401e+01
3.798615598678588867e+01,8.334566612427889822e+02,2.964344361236921372e+02,8.300000000000000000e+02,3.260000000000000000e+02,2.976694600175570571e+01
3.799616408348083496e+01,8.336213636117063288e+02,2.970632142341794975e+02,8.300000000000000000e+02,3.260000000000000000e+02,2.916250752019076131e+01
3.800617170333862305e+01,8.337860345900589891e+02,2.976918725060752422e+02,8.310000000000000000e+02,3.270000000000000000e+02,2.944025009977248075e+01
3.801617741584777832e+01,8.339507330351557357e+02,2.983206356367386434e+02,8.310000000000000000e+02,3.270000000000000000e+02,2.883076075523267789e+01
3.802618479728698730e+01,8.341154197087906823e+02,2.989493538279301674e+02,8.310000000000000000e+02,3.280000000000000000e+02,2.921721894665399333e+01
3.803619146347045898e+01,8.342801220777080289e+02,2.995781319384175276e+02,8.310000000000000000e+02,3.290000000000000000e+02,2.960414702500030515e+01
3.804619908332824707e+01,8.344448322942664618e+02,3.002069400085528059e+02,8.310000000000000000e+02,3.290000000000000000e+02,2.899839949388066174e+01
3.805620718002319336e+01,8.346095542822866946e+02,3.008357930181599045e+02,8.310000000000000000e+02,3.300000000000000000e+02,2.938672916464819451e+01
3.806621599197387695e+01,8.347742252606393549e+02,3.014644512900556492e+02,8.320000000000000000e+02,3.300000000000000000e+02,2.867008660563089961e+01
3.807622170448303223e+01,8.349389197819155015e+02,3.020931994408950914e+02,8.320000000000000000e+02,3.310000000000000000e+02,2.905581470288523960e+01
3.808622884750366211e+01,8.351085911738074401e+02,3.027219026522626564e+02,8.320000000000000000e+02,3.320000000000000000e+02,2.944266162203169301e+01
3.809623527526855469e+01,8.352782666083820686e+02,3.033506208434541804e+02,8.320000000000000000e+02,3.320000000000000000e+02,2.883633052264373831e+01
3.810624194145202637e+01,8.354479824697834829e+02,3.039794888328852380e+02,8.320000000000000000e+02,3.330000000000000000e+02,2.922462406109900357e+01
3.811625099182128906e+01,8.356176457763100416e+02,3.046081620846048850e+02,8.330000000000000000e+02,3.330000000000000000e+02,2.851225227203739010e+01
3.812625694274902344e+01,8.357873212108846701e+02,3.052368802757964090e+02,8.330000000000000000e+02,3.340000000000000000e+02,2.889785832551466527e+01
3.813626360893249512e+01,8.359569926027766087e+02,3.058655834871639740e+02,8.330000000000000000e+02,3.350000000000000000e+02,2.928409177004279584e+01
3.814627003669738770e+01,8.361266963361299531e+02,3.064944065371232114e+02,8.330000000000000000e+02,3.350000000000000000e+02,2.867655991657947112e+01
3.815627837181091309e+01,8.362963960268006076e+02,3.071232146072584897e+02,8.330000000000000000e+02,3.360000000000000000e+02,2.906432454718251890e+01
3.816628646850585938e+01,8.364660512479619001e+02,3.077518578993302754e+02,8.340000000000000000e+02,3.360000000000000000e+02,2.835558041897932569e+01
3.817629194259643555e+01,8.366357468959498647e+02,3.083806509896415946e+02,8.340000000000000000e+02,3.370000000000000000e+02,2.874046449652844615e+01
3.818629980087280273e+01,8.368054587146685890e+02,3.090095039992486932e+02,8.340000000000000000e+02,3.380000000000000000e+02,2.912592413931766444e+01
3.819630861282348633e+01,8.369751220211951477e+02,3.096381772509683401e+02,8.340000000000000000e+02,3.380000000000000000e+02,2.851743923792054147e+01
3.820631456375122070e+01,8.371447893704043963e+02,3.102668654825119461e+02,8.340000000000000000e+02,3.390000000000000000e+02,2.890471794334398936e+01
3.821632075309753418e+01,8.373194660505529328e+02,3.108956286131753473e+02,8.340000000000000000e+02,3.390000000000000000e+02,2.829972695821183493e+01
3.822632813453674316e+01,8.374941135998881236e+02,3.115242868850710920e+02,8.350000000000000000e+02,3.400000000000000000e+02,2.858473088998532319e+01
3.823633384704589844e+01,8.376738050800038309e+02,3.121531398946781906e+02,8.350000000000000000e+02,3.410000000000000000e+02,2.897051210354869255e+01
3.824634265899658203e+01,8.378534623168646931e+02,3.127818730656936737e+02,8.350000000000000000e+02,3.410000000000000000e+02,2.836203333462519893e+01
3.825634956359863281e+01,8.380331238341323115e+02,3.134106212165331158e+02,8.350000000000000000e+02,3.420000000000000000e+02,2.874982468499117516e+01
3.826635670661926270e+01,8.382127596689588245e+02,3.140392794884288605e+02,8.350000000000000000e+02,3.420000000000000000e+02,2.814469250527856659e+01
3.827636241912841797e+01,8.383924425882607920e+02,3.146681025383880979e+02,8.350000000000000000e+02,3.430000000000000000e+02,2.853427904275726590e+01
3.828637075424194336e+01,8.385722367981412617e+02,3.152973150637701565e+02,8.360000000000000000e+02,3.440000000000000000e+02,2.881771199616977697e+01
3.829638528823852539e+01,8.387517784640167520e+02,3.159256437795388592e+02,8.360000000000000000e+02,3.440000000000000000e+02,2.820889508485526775e+01
3.830638575553894043e+01,8.389494005684822469e+02,3.166172472716910988e+02,8.360000000000000000e+02,3.450000000000000000e+02,2.853558508511240888e+01
3.831739330291748047e+01,8.391290364033087599e+02,3.172459055435868436e+02,8.360000000000000000e+02,3.460000000000000000e+02,2.892384512511366168e+01
3.832739901542663574e+01,8.393087321638313369e+02,3.178747735330179012e+02,8.360000000000000000e+02,3.460000000000000000e+02,2.831918205653197163e+01
3.833740806579589844e+01,8.395060589202232677e+02,3.185653434173173082e+02,8.360000000000000000e+02,3.470000000000000000e+02,2.864999378930433949e+01
3.834839916229248047e+01,8.396859815423096052e+02,3.191950053374179674e+02,8.370000000000000000e+02,3.470000000000000000e+02,2.793442723650948878e+01
3.835842084884643555e+01,8.398656687420184426e+02,3.198238433672011638e+02,8.370000000000000000e+02,3.480000000000000000e+02,2.832150878634461932e+01
3.836842942237854004e+01,8.400453259788793048e+02,3.204525765382166469e+02,8.370000000000000000e+02,3.490000000000000000e+02,2.870939561579128352e+01
3.837843632698059082e+01,8.402249874961469231e+02,3.210813246890560890e+02,8.370000000000000000e+02,3.490000000000000000e+02,2.810432307436372312e+01
3.838844347000122070e+01,8.404046404526009155e+02,3.217100428802476131e+02,8.370000000000000000e+02,3.500000000000000000e+02,2.849409150067633334e+01
3.839845013618469238e+01,8.405843190914960132e+02,3.223388509503828914e+02,8.370000000000000000e+02,3.500000000000000000e+02,2.789240954264791128e+01
3.840845823287963867e+01,8.407639720479500056e+02,3.229675691415744154e+02,8.380000000000000000e+02,3.510000000000000000e+02,2.816836383807657285e+01
3.841846489906311035e+01,8.409436078827765186e+02,3.235962274134701602e+02,8.380000000000000000e+02,3.520000000000000000e+02,2.855589474197662270e+01
3.842847061157226562e+01,8.411232950824853560e+02,3.242250654432533565e+02,8.380000000000000000e+02,3.520000000000000000e+02,2.794999037215998783e+01
3.843847918510437012e+01,8.413029351977187389e+02,3.248537386949730035e+02,8.380000000000000000e+02,3.530000000000000000e+02,2.833939671854694353e+01
3.844848513603210449e+01,8.414826181170207064e+02,3.254825617449322408e+02,8.380000000000000000e+02,3.530000000000000000e+02,2.773694354233118275e+01
3.845849347114562988e+01,8.416622496714403496e+02,3.261112050370040265e+02,8.380000000000000000e+02,3.540000000000000000e+02,2.812822349783210996e+01
3.846849894523620605e+01,8.418419197495217077e+02,3.267399831474913867e+02,8.380000000000000000e+02,3.550000000000000000e+02,2.851997370030056445e+01
3.847850656509399414e+01,8.420216112296374149e+02,3.273688361570984853e+02,8.390000000000000000e+02,3.550000000000000000e+02,2.779588728096908312e+01
3.848851537704467773e+01,8.422012599056845374e+02,3.279975393684660503e+02,8.390000000000000000e+02,3.560000000000000000e+02,2.818485171868661965e+01
3.849852180480957031e+01,8.423809257033590256e+02,3.286263024991294515e+02,8.390000000000000000e+02,3.570000000000000000e+02,2.857441807775866849e+01
3.850852918624877930e+01,8.425605915010335139e+02,3.292550656297928526e+02,8.390000000000000000e+02,3.570000000000000000e+02,2.797247209390571498e+01
3.851853656768798828e+01,8.427352390503687047e+02,3.298837239016885974e+02,8.390000000000000000e+02,3.580000000000000000e+02,2.836330362281298889e+01
3.852854228019714355e+01,8.429099032458830152e+02,3.305124420928801214e+02,8.390000000000000000e+02,3.580000000000000000e+02,2.776424288701990051e+01
3.853854894638061523e+01,8.430845924106658913e+02,3.311412501630153997e+02,8.400000000000000000e+02,3.590000000000000000e+02,2.802899664311277306e+01
3.854855704307556152e+01,8.432592774139039875e+02,3.317700432533267190e+02,8.400000000000000000e+02,3.600000000000000000e+02,2.841748312535487386e+01
3.855856490135192871e+01,8.434339208016943985e+02,3.323986865453985047e+02,8.400000000000000000e+02,3.600000000000000000e+02,2.781410283455993593e+01
3.856857037544250488e+01,8.436086266126563942e+02,3.330275545348295623e+02,8.400000000000000000e+02,3.610000000000000000e+02,2.820425307168240181e+01
3.857857942581176758e+01,8.437832991312602644e+02,3.336563026856690044e+02,8.400000000000000000e+02,3.610000000000000000e+02,2.760418691311785011e+01
3.858858656883239746e+01,8.439579633267745749e+02,3.342850208768605285e+02,8.400000000000000000e+02,3.620000000000000000e+02,2.799617012186040554e+01
3.859859323501586914e+01,8.441326067145649859e+02,3.349136641689323142e+02,8.400000000000000000e+02,3.630000000000000000e+02,2.838874246374404109e+01
3.860859870910644531e+01,8.443072958793478620e+02,3.355424722390675925e+02,8.400000000000000000e+02,3.630000000000000000e+02,2.779331985450138376e+01
3.861860680580139160e+01,8.444769713139224905e+02,3.361711904302591165e+02,8.410000000000000000e+02,3.640000000000000000e+02,2.804517733206088437e+01
3.862861347198486328e+01,8.446416776066603234e+02,3.367999835205704358e+02,8.410000000000000000e+02,3.640000000000000000e+02,2.744271692584557343e+01
3.863862133026123047e+01,8.448063838993981562e+02,3.374287766108817550e+02,8.410000000000000000e+02,3.650000000000000000e+02,2.783273104749619264e+01
3.864862918853759766e+01,8.449461042517398255e+02,3.380574798222493200e+02,8.410000000000000000e+02,3.660000000000000000e+02,2.821978335582332065e+01
3.865863561630249023e+01,8.450833787074597012e+02,3.387492780521129703e+02,8.410000000000000000e+02,3.660000000000000000e+02,2.755496014059151477e+01
3.866964626312255859e+01,8.452081093538353116e+02,3.393778614248889198e+02,8.410000000000000000e+02,3.670000000000000000e+02,2.794084329071826289e+01
3.867965078353881836e+01,8.453228947000166045e+02,3.400066095757283620e+02,8.410000000000000000e+02,3.680000000000000000e+02,2.832520654881680855e+01
3.868965792655944824e+01,8.454376964546527233e+02,3.406354476055115583e+02,8.420000000000000000e+02,3.680000000000000000e+02,2.757963895095501528e+01
3.869966650009155273e+01,8.455474771068878681e+02,3.412641058774073031e+02,8.420000000000000000e+02,3.690000000000000000e+02,2.796183857695279684e+01
3.870967221260070801e+01,8.456572734544052992e+02,3.418928540282467452e+02,8.420000000000000000e+02,3.690000000000000000e+02,2.735275144942892922e+01
3.871967935562133789e+01,8.457670671860423681e+02,3.425215871992622283e+02,8.420000000000000000e+02,3.700000000000000000e+02,2.773542797996646314e+01
3.872968626022338867e+01,8.458768713812009992e+02,3.431503802895735475e+02,8.420000000000000000e+02,3.710000000000000000e+02,2.811816938781308295e+01
3.873969411849975586e+01,8.459866572651968681e+02,3.437790685211171535e+02,8.420000000000000000e+02,3.710000000000000000e+02,2.751131670291667319e+01
3.874970030784606934e+01,8.460964640762358613e+02,3.444078765912524318e+02,8.420000000000000000e+02,3.720000000000000000e+02,2.789455667565710684e+01
3.875970840454101562e+01,8.462062394967101682e+02,3.450365049035002585e+02,8.420000000000000000e+02,3.730000000000000000e+02,2.827807469959101638e+01
3.876971364021301270e+01,8.463160463077491613e+02,3.456653129736355368e+02,8.430000000000000000e+02,3.730000000000000000e+02,2.753509175478510329e+01
3.877972173690795898e+01,8.464258452711469545e+02,3.462940761042989379e+02,8.430000000000000000e+02,3.740000000000000000e+02,2.791692380503659621e+01
3.878972911834716797e+01,8.465356442345447476e+02,3.469228392349623391e+02,8.430000000000000000e+02,3.740000000000000000e+02,2.730702135438730593e+01
3.879973649978637695e+01,8.466454405820621787e+02,3.475515873858017812e+02,8.430000000000000000e+02,3.750000000000000000e+02,2.768943105368223101e+01
3.880974364280700684e+01,8.467552343136992477e+02,3.481803205568172643e+02,8.430000000000000000e+02,3.760000000000000000e+02,2.807198512881175745e+01
3.881975054740905762e+01,8.468650332770970408e+02,3.488090836874806655e+02,8.430000000000000000e+02,3.760000000000000000e+02,2.746423878696617749e+01
3.882975792884826660e+01,8.469748270087341098e+02,3.494378168584961486e+02,8.430000000000000000e+02,3.770000000000000000e+02,2.784731924755345744e+01
3.883976483345031738e+01,8.470846233562515408e+02,3.500665650093355907e+02,8.430000000000000000e+02,3.780000000000000000e+02,2.823049660101838043e+01
3.884977197647094727e+01,8.471944040084866856e+02,3.506952232812313355e+02,8.430000000000000000e+02,3.780000000000000000e+02,2.762505849130858238e+01
3.885977768898010254e+01,8.473042108195256787e+02,3.513240313513666138e+02,8.440000000000000000e+02,3.790000000000000000e+02,2.787251423499517600e+01
3.886978578567504883e+01,8.474139914717608235e+02,3.519526896232623585e+02,8.440000000000000000e+02,3.790000000000000000e+02,2.726192099586592477e+01
3.887979149818420410e+01,8.475237904351586167e+02,3.525814527539257597e+02,8.440000000000000000e+02,3.800000000000000000e+02,2.764405599972841543e+01
3.888979887962341309e+01,8.476335998620779719e+02,3.532102758038849970e+02,8.440000000000000000e+02,3.810000000000000000e+02,2.802627015594177706e+01
3.889980721473693848e+01,8.477433988254757651e+02,3.538390389345483982e+02,8.440000000000000000e+02,3.810000000000000000e+02,2.741771034870620127e+01
3.890981459617614746e+01,8.478531794777109099e+02,3.544676972064441429e+02,8.440000000000000000e+02,3.820000000000000000e+02,2.780062389953679158e+01
3.891982030868530273e+01,8.479629758252283409e+02,3.550964453572835851e+02,8.440000000000000000e+02,3.820000000000000000e+02,2.719386750362978944e+01
3.892982745170593262e+01,8.480727904839084204e+02,3.557252983668906836e+02,8.440000000000000000e+02,3.830000000000000000e+02,2.757710955667672792e+01
3.893983626365661621e+01,8.481825815996650135e+02,3.563540165580822077e+02,8.440000000000000000e+02,3.840000000000000000e+02,2.796058635487905875e+01
3.894984292984008789e+01,8.482973587416188366e+02,3.569827197694497727e+02,8.450000000000000000e+02,3.840000000000000000e+02,2.721775166554008862e+01
3.895984935760498047e+01,8.484121577615125034e+02,3.576115428194090100e+02,8.450000000000000000e+02,3.850000000000000000e+02,2.760018853780742276e+01
3.896985769271850586e+01,8.485269376382087785e+02,3.582402610106005341e+02,8.450000000000000000e+02,3.860000000000000000e+02,2.798289473702459063e+01
3.897986435890197754e+01,8.486417065759351317e+02,3.588689192824962788e+02,8.450000000000000000e+02,3.860000000000000000e+02,2.737439620676429541e+01
3.898987007141113281e+01,8.487564946568588766e+02,3.594976824131596800e+02,8.450000000000000000e+02,3.870000000000000000e+02,2.775767866292921227e+01
3.899987745285034180e+01,8.488712772682977175e+02,3.601264155841751631e+02,8.450000000000000000e+02,3.870000000000000000e+02,2.715099127182103800e+01
3.900988435745239258e+01,8.489860817576764020e+02,3.607552685937822616e+02,8.450000000000000000e+02,3.880000000000000000e+02,2.753478231575161317e+01
3.901989316940307617e+01,8.491008561648877730e+02,3.613839568253258676e+02,8.450000000000000000e+02,3.890000000000000000e+02,2.791886211704488119e+01
3.902989935874938965e+01,8.492106498965248420e+02,3.620126899963413507e+02,8.450000000000000000e+02,3.890000000000000000e+02,2.731381470583482596e+01
3.903990626335144043e+01,8.493204488599226352e+02,3.626414531270047519e+02,8.450000000000000000e+02,3.900000000000000000e+02,2.769758771721979684e+01
3.904991364479064941e+01,8.494302452074400662e+02,3.632702012778441940e+02,8.460000000000000000e+02,3.910000000000000000e+02,2.794115816057808388e+01
3.905992078781127930e+01,8.495400467867182215e+02,3.638989793883315542e+02,8.460000000000000000e+02,3.910000000000000000e+02,2.733125041863675619e+01
3.906992840766906738e+01,8.496498300548337284e+02,3.645276526400512012e+02,8.460000000000000000e+02,3.920000000000000000e+02,2.771373538328699127e+01
3.907993435859680176e+01,8.497596342499923594e+02,3.651564457303625204e+02,8.460000000000000000e+02,3.920000000000000000e+02,2.710555765005929985e+01
3.908994221687316895e+01,8.498694384451509904e+02,3.657852388206738397e+02,8.460000000000000000e+02,3.930000000000000000e+02,2.748846630731825158e+01
3.909995007514953613e+01,8.499792374085487836e+02,3.664140019513372408e+02,8.460000000000000000e+02,3.940000000000000000e+02,2.787151984902186186e+01
3.910995745658874512e+01,8.500890128290230905e+02,3.670426302635850675e+02,8.460000000000000000e+02,3.940000000000000000e+02,2.726572590307646848e+01
3.911996269226074219e+01,8.501988274877031699e+02,3.676714832731921661e+02,8.460000000000000000e+02,3.950000000000000000e+02,2.764919490254476386e+01
3.912997150421142578e+01,8.503086055240578389e+02,3.683001265652639518e+02,8.460000000000000000e+02,3.960000000000000000e+02,2.803296398639176346e+01
3.913997697830200195e+01,8.504184018715752700e+02,3.689288747161033939e+02,8.460000000000000000e+02,3.960000000000000000e+02,2.742932917945982041e+01
3.914998412132263184e+01,8.505391744531999620e+02,3.696204782082556335e+02,8.460000000000000000e+02,3.970000000000000000e+02,2.775323977954984400e+01
3.916099166870117188e+01,8.506489838801193173e+02,3.702493012582148708e+02,8.470000000000000000e+02,3.970000000000000000e+02,2.699842526020944078e+01
3.917100000381469727e+01,8.507587776117563862e+02,3.708780344292303539e+02,8.470000000000000000e+02,3.980000000000000000e+02,2.738118743876268013e+01
3.918100690841674805e+01,8.508685634957522552e+02,3.715067226607739599e+02,8.470000000000000000e+02,3.990000000000000000e+02,2.776411501150841588e+01
3.919101309776306152e+01,8.509783598432696863e+02,3.721354708116134020e+02,8.470000000000000000e+02,3.990000000000000000e+02,2.715750864045184088e+01
3.920102024078369141e+01,8.510881535749067552e+02,3.727642039826288851e+02,8.470000000000000000e+02,4.000000000000000000e+02,2.754090747146635110e+01
3.921102714538574219e+01,8.511979499224241863e+02,3.733929521334683272e+02,8.470000000000000000e+02,4.010000000000000000e+02,2.792439570440427943e+01
3.922103428840637207e+01,8.513077593493435415e+02,3.740217751834275646e+02,8.470000000000000000e+02,4.010000000000000000e+02,2.731998178742770733e+01
3.923104262351989746e+01,8.514175661603825347e+02,3.746505832535628429e+02,8.470000000000000000e+02,4.020000000000000000e+02,2.770388938672066814e+01
3.924105072021484375e+01,8.515273415808568416e+02,3.752792115658106695e+02,8.470000000000000000e+02,4.020000000000000000e+02,2.710161169256289071e+01
3.925105595588684082e+01,8.516371483918958347e+02,3.759080196359459478e+02,8.470000000000000000e+02,4.030000000000000000e+02,2.748596997114623264e+01
3.926106405258178711e+01,8.517469316600113416e+02,3.765366928876655948e+02,8.470000000000000000e+02,4.040000000000000000e+02,2.787053278520551558e+01
3.927107000350952148e+01,8.518567410869306968e+02,3.771655159376248321e+02,8.470000000000000000e+02,4.040000000000000000e+02,2.727045047078151185e+01
3.928107833862304688e+01,8.519665243550462037e+02,3.777941891893444790e+02,8.470000000000000000e+02,4.050000000000000000e+02,2.765542453180655968e+01
3.929108428955078125e+01,8.520763547090086831e+02,3.784231320778953318e+02,8.480000000000000000e+02,4.060000000000000000e+02,2.787651900985599696e+01
3.930109453201293945e+01,8.521861144342007037e+02,3.790516705111994042e+02,8.480000000000000000e+02,4.060000000000000000e+02,2.727152390852376485e+01
3.931109833717346191e+01,8.522959317087612590e+02,3.796805385006304618e+02,8.480000000000000000e+02,4.070000000000000000e+02,2.765516237272663247e+01
3.932110738754272461e+01,8.524057202086374900e+02,3.803092417119980269e+02,8.480000000000000000e+02,4.070000000000000000e+02,2.705193058813627260e+01
3.933111381530761719e+01,8.525155139402745590e+02,3.809379748830135100e+02,8.480000000000000000e+02,4.080000000000000000e+02,2.743616353605623104e+01
3.934112071990966797e+01,8.526253129036723521e+02,3.815667380136769111e+02,8.480000000000000000e+02,4.090000000000000000e+02,2.782044900189638170e+01
3.935112810134887695e+01,8.527351197147113453e+02,3.821955460838121894e+02,8.480000000000000000e+02,4.090000000000000000e+02,2.721948031204277285e+01
3.936113619804382324e+01,8.528448925193052901e+02,3.828241594162360570e+02,8.480000000000000000e+02,4.100000000000000000e+02,2.760433471318900800e+01
3.937114119529724121e+01,8.529546993303442832e+02,3.834529674863713353e+02,8.480000000000000000e+02,4.110000000000000000e+02,2.798907011247477783e+01
3.938114929199218750e+01,8.530644852143401522e+02,3.840816557179149413e+02,8.480000000000000000e+02,4.110000000000000000e+02,2.739062374928930765e+01
3.939115548133850098e+01,8.531742946412595074e+02,3.847104787678741786e+02,8.480000000000000000e+02,4.120000000000000000e+02,2.777573210760092337e+01
3.940116381645202637e+01,8.532840805252553764e+02,3.853391669994177846e+02,8.480000000000000000e+02,4.120000000000000000e+02,2.717943198969244278e+01
3.941117000579833984e+01,8.533938742568924454e+02,3.859679001704332677e+02,8.480000000000000000e+02,4.130000000000000000e+02,2.756498323407487305e+01
3.942117691040039062e+01,8.535036679885295143e+02,3.865966333414487508e+02,8.480000000000000000e+02,4.140000000000000000e+02,2.795057898418139786e+01
3.943118381500244141e+01,8.536134669519273075e+02,3.871056384625759961e+02,8.480000000000000000e+02,4.140000000000000000e+02,2.747394572546964397e+01
3.944119119644165039e+01,8.537232737629663006e+02,3.876146799637328968e+02,8.480000000000000000e+02,4.150000000000000000e+02,2.797698368399693791e+01
3.945119929313659668e+01,8.538280935969113443e+02,3.878292900338551021e+02,8.490000000000000000e+02,4.160000000000000000e+02,2.858145181367090260e+01
3.946120762825012207e+01,8.539278881655391160e+02,3.880188843671399468e+02,8.490000000000000000e+02,4.160000000000000000e+02,2.841173901456131645e+01
3.947121238708496094e+01,8.540277231628222125e+02,3.882085555086526369e+02,8.490000000000000000e+02,4.170000000000000000e+02,2.922713253297893132e+01
3.948122119903564453e+01,8.541275391348557378e+02,3.883183492402896491e+02,8.490000000000000000e+02,4.170000000000000000e+02,2.913638185982381756e+01
3.949122810363769531e+01,8.542273503505768986e+02,3.883283457115297210e+02,8.490000000000000000e+02,4.180000000000000000e+02,3.012859538548342542e+01
3.950123453140258789e+01,8.543271758352352663e+02,3.883383436118578516e+02,8.490000000000000000e+02,4.190000000000000000e+02,3.112098929732171726e+01
3.951124238967895508e+01,8.544269799164877668e+02,3.883483393685538658e+02,8.490000000000000000e+02,4.190000000000000000e+02,3.112838592794856751e+01
3.952124810218811035e+01,8.545268149137708633e+02,3.883583382216074256e+02,8.490000000000000000e+02,4.200000000000000000e+02,3.212071672907174502e+01
3.953125691413879395e+01,8.546216397467085244e+02,3.886228193015776355e+02,8.490000000000000000e+02,4.210000000000000000e+02,3.286159861327605824e+01
3.954126358032226562e+01,8.547114693974104966e+02,3.890868368372946975e+02,8.490000000000000000e+02,4.210000000000000000e+02,3.242022309804494995e+01
3.955126953125000000e+01,8.548013076098404781e+02,3.895508985988539052e+02,8.490000000000000000e+02,4.220000000000000000e+02,3.296360647328891247e+01
3.956127643585205078e+01,8.548712002929653409e+02,3.900050475132276802e+02,8.490000000000000000e+02,4.220000000000000000e+02,3.252918654855873370e+01
3.957128477096557617e+01,8.549370982890137611e+02,3.905210233343054256e+02,8.490000000000000000e+02,4.230000000000000000e+02,3.301716313289411886e+01
3.958229279518127441e+01,8.549970032226332251e+02,3.909900739756663484e+02,8.490000000000000000e+02,4.240000000000000000e+02,3.355024983192008392e+01
3.959229969978332520e+01,8.550469123977280788e+02,3.915290009621001559e+02,8.490000000000000000e+02,4.240000000000000000e+02,3.302924352850198630e+01
3.960230684280395508e+01,8.550968251400572626e+02,3.920679664680812948e+02,8.490000000000000000e+02,4.250000000000000000e+02,3.349164238038875396e+01
3.961231470108032227e+01,8.551417442462723102e+02,3.926018917348642390e+02,8.490000000000000000e+02,4.260000000000000000e+02,3.395813095675833893e+01
3.962232160568237305e+01,8.551866580014072952e+02,3.931357533967121185e+02,8.490000000000000000e+02,4.260000000000000000e+02,3.344149281996986645e+01
3.963232731819152832e+01,8.552315771076223427e+02,3.936696786634950627e+02,8.490000000000000000e+02,4.270000000000000000e+02,3.390785858238351125e+01
3.964233422279357910e+01,8.552765026351333972e+02,3.941737426983542036e+02,8.490000000000000000e+02,4.280000000000000000e+02,3.440363597595437284e+01
3.965234255790710449e+01,8.553214228115643891e+02,3.946777466941410921e+02,8.490000000000000000e+02,4.280000000000000000e+02,3.391655866597304936e+01
3.966234970092773438e+01,8.553663376369153184e+02,3.951816906508557281e+02,8.490000000000000000e+02,4.290000000000000000e+02,3.441232776406768323e+01
3.967235565185546875e+01,8.554112653048583752e+02,3.956857787013437360e+02,8.490000000000000000e+02,4.290000000000000000e+02,3.392553114610180387e+01
3.968236446380615234e+01,8.554561822706414205e+02,3.961897466736872957e+02,8.500000000000000000e+02,4.300000000000000000e+02,3.424767371603363131e+01
3.969237089157104492e+01,8.555011024470724124e+02,3.966937506694741842e+02,8.500000000000000000e+02,4.310000000000000000e+02,3.474450850510608291e+01
3.970237803459167480e+01,8.555460247639354066e+02,3.971678432625617461e+02,8.500000000000000000e+02,4.310000000000000000e+02,3.428371654574185357e+01
3.971238565444946289e+01,8.555909374488543335e+02,3.976418342038723495e+02,8.500000000000000000e+02,4.320000000000000000e+02,3.481008673403727727e+01
3.972239112854003906e+01,8.556308686266214636e+02,3.980260830432705461e+02,8.500000000000000000e+02,4.330000000000000000e+02,3.542430731554927803e+01
3.973239827156066895e+01,8.556608239479501208e+02,3.982905956308388795e+02,8.500000000000000000e+02,4.330000000000000000e+02,3.516799225761440084e+01
3.974240612983703613e+01,8.556907757011301783e+02,3.985550767108090895e+02,8.500000000000000000e+02,4.340000000000000000e+02,3.589885116625881523e+01
3.975241279602050781e+01,8.557157446410468538e+02,3.986199844393242415e+02,8.500000000000000000e+02,4.340000000000000000e+02,3.583873934550871354e+01
3.976242184638977051e+01,8.557322268375224894e+02,3.986145818243463168e+02,8.500000000000000000e+02,4.350000000000000000e+02,3.683418358446407126e+01
3.977342796325683594e+01,8.557472144501441562e+02,3.986096691113742736e+02,8.500000000000000000e+02,4.360000000000000000e+02,3.782945040437231654e+01
3.978343605995178223e+01,8.557572113977469144e+02,3.986047569835694731e+02,8.500000000000000000e+02,4.360000000000000000e+02,3.783582539520240573e+01
3.979344296455383301e+01,8.557672081071683579e+02,3.985998449727981097e+02,8.500000000000000000e+02,4.370000000000000000e+02,3.883082017501725147e+01
3.980344963073730469e+01,8.557722167715655814e+02,3.985949322598260665e+02,8.500000000000000000e+02,4.380000000000000000e+02,3.982559290287640863e+01
3.981345772743225098e+01,8.557772240041317673e+02,3.985900209512553829e+02,8.500000000000000000e+02,4.380000000000000000e+02,3.983117831318082125e+01
3.982346296310424805e+01,8.557822330264867787e+02,3.985851078871830282e+02,8.500000000000000000e+02,4.390000000000000000e+02,4.082643412377855441e+01
3.983347177505493164e+01,8.557576718022955902e+02,3.986000940716309628e+02,8.500000000000000000e+02,4.400000000000000000e+02,4.179836115759511017e+01
3.984347891807556152e+01,8.557281990354667869e+02,3.988895258521295659e+02,8.500000000000000000e+02,4.400000000000000000e+02,4.150763000765817878e+01
3.985348582267761230e+01,8.556987304818420625e+02,3.991789162576476429e+02,8.500000000000000000e+02,4.410000000000000000e+02,4.220756537031630984e+01
3.986349129676818848e+01,8.556643365756331150e+02,3.997379323917116380e+02,8.500000000000000000e+02,4.410000000000000000e+02,4.164904479280424709e+01
3.987350082397460938e+01,8.556299582348724471e+02,4.002966955351235470e+02,8.500000000000000000e+02,4.420000000000000000e+02,4.208161157817738030e+01
3.988350582122802734e+01,8.555857490846292421e+02,4.008605540807170087e+02,8.500000000000000000e+02,4.430000000000000000e+02,4.250804035968504024e+01
3.989351272583007812e+01,8.555366161032366108e+02,4.014644867078586117e+02,8.500000000000000000e+02,4.430000000000000000e+02,4.190289944999359051e+01
3.990352201461791992e+01,8.554875030175297752e+02,4.020681747812709546e+02,8.500000000000000000e+02,4.440000000000000000e+02,4.228936811470986612e+01
3.991352725028991699e+01,8.554334631748373567e+02,4.026969828514062328e+02,8.500000000000000000e+02,4.450000000000000000e+02,4.265053085187254567e+01
3.992353534698486328e+01,8.553794297689845507e+02,4.033257160224217159e+02,8.500000000000000000e+02,4.450000000000000000e+02,4.202004533176130963e+01
3.993354225158691406e+01,8.553253809147167885e+02,4.039546289513246506e+02,8.500000000000000000e+02,4.460000000000000000e+02,4.238128016598385983e+01
3.994355201721191406e+01,8.552664395942632609e+02,4.045833171828682566e+02,8.500000000000000000e+02,4.460000000000000000e+02,4.175017367119470180e+01
3.995355820655822754e+01,8.552075095090204968e+02,4.052118855758202471e+02,8.500000000000000000e+02,4.470000000000000000e+02,4.211133650710790732e+01
3.996356248855590820e+01,8.551436396760796015e+02,4.058407385854273457e+02,8.500000000000000000e+02,4.480000000000000000e+02,4.247187719114396032e+01
3.997357130050659180e+01,8.550748633329393442e+02,4.064695316757386649e+02,8.500000000000000000e+02,4.480000000000000000e+02,4.183938380378571509e+01
3.998357915878295898e+01,8.550061082898863560e+02,4.070981300283385735e+02,8.500000000000000000e+02,4.490000000000000000e+02,4.219985577383043562e+01
3.999358391761779785e+01,8.549373352236826804e+02,4.077268931590019747e+02,8.500000000000000000e+02,4.500000000000000000e+02,4.256046100668379495e+01
4.000359129905700684e+01,8.548636533066106722e+02,4.083556263300174578e+02,8.500000000000000000e+02,4.500000000000000000e+02,4.192742517555830517e+01
